0,0,-4.11,0.00,0.00,-0.06,
0,0,-2.06,-3.56,0.00,-0.06,
0,0,-2.06,3.56,0.00,-0.06,
0,0,0.00,0.00,0.00,-11.32,
0,0,2.06,-3.56,0.00,-0.06,
0,0,2.06,3.56,0.00,-0.06,
0,0,4.11,0.00,0.00,-0.06,
0,1,-4.11,0.00,0.00,-0.28,
0,1,-2.06,-3.56,0.00,-0.14,
0,1,-2.06,3.56,0.00,-0.14,
0,1,2.06,-3.56,0.00,0.14,
0,1,2.06,3.56,0.00,0.14,
0,1,4.11,0.00,0.00,0.28,
0,2,-2.06,-3.56,0.00,-0.25,
0,2,-2.06,3.56,0.00,0.25,
0,2,2.06,-3.56,0.00,-0.25,
0,2,2.06,3.56,0.00,0.25,
0,4,-2.06,1.19,1.71,-0.68,
0,4,0.00,-2.38,1.71,-0.68,
0,4,2.06,1.19,1.71,-0.68,
0,5,-2.06,1.19,1.71,-0.34,
0,5,2.06,1.19,1.71,0.34,
0,6,-2.06,1.19,1.71,0.19,
0,6,0.00,-2.38,1.71,-0.39,
0,6,2.06,1.19,1.71,0.19,
0,7,-2.06,1.19,1.71,0.28,
0,7,0.00,-2.38,1.71,0.28,
0,7,2.06,1.19,1.71,0.28,
0,8,-2.06,-1.19,3.59,0.02,
0,8,0.00,2.38,3.59,0.02,
0,8,2.06,-1.19,3.59,0.02,
0,9,-2.06,-1.19,3.59,0.02,
0,9,2.06,-1.19,3.59,-0.02,
0,10,-2.06,-1.19,3.59,0.01,
0,10,0.00,2.38,3.59,-0.02,
0,10,2.06,-1.19,3.59,0.01,
0,11,-2.06,-1.19,3.59,-0.03,
0,11,0.00,2.38,3.59,-0.03,
0,11,2.06,-1.19,3.59,-0.03,
0,12,-2.06,1.19,-4.08,0.03,
0,12,0.00,-2.38,-4.08,0.03,
0,12,2.06,1.19,-4.08,0.03,
0,13,-2.06,1.19,-4.08,0.11,
0,13,2.06,1.19,-4.08,-0.11,
0,14,-2.06,1.19,-4.08,-0.06,
0,14,0.00,-2.38,-4.08,0.13,
0,14,2.06,1.19,-4.08,-0.06,
0,15,-2.06,1.19,-4.08,0.22,
0,15,0.00,-2.38,-4.08,0.22,
0,15,2.06,1.19,-4.08,0.22,
0,16,-2.06,-1.19,-2.37,-0.33,
0,16,0.00,2.38,-2.37,-0.33,
0,16,2.06,-1.19,-2.37,-0.33,
0,17,-2.06,-1.19,-2.37,0.01,
0,17,2.06,-1.19,-2.37,-0.01,
0,18,-2.06,-1.19,-2.37,0.01,
0,18,0.00,2.38,-2.37,-0.01,
0,18,2.06,-1.19,-2.37,0.01,
0,19,-2.06,-1.19,-2.37,0.01,
0,19,0.00,2.38,-2.37,0.01,
0,19,2.06,-1.19,-2.37,0.01,
1,1,-4.11,0.00,0.00,0.30,
1,1,-2.06,-3.56,0.00,0.07,
1,1,-2.06,3.56,0.00,0.07,
1,1,0.00,0.00,0.00,-1.91,
1,1,2.06,-3.56,0.00,0.07,
1,1,2.06,3.56,0.00,0.07,
1,1,4.11,0.00,0.00,0.30,
1,2,-2.06,-3.56,0.00,0.13,
1,2,-2.06,3.56,0.00,-0.13,
1,2,2.06,-3.56,0.00,-0.13,
1,2,2.06,3.56,0.00,0.13,
1,4,-2.06,1.19,1.71,1.46,
1,4,2.06,1.19,1.71,-1.46,
1,5,-2.06,1.19,1.71,0.79,
1,5,0.00,-2.38,1.71,-0.44,
1,5,2.06,1.19,1.71,0.79,
1,6,-2.06,1.19,1.71,-0.71,
1,6,2.06,1.19,1.71,0.71,
1,7,-2.06,1.19,1.71,-1.03,
1,7,2.06,1.19,1.71,1.03,
1,8,-2.06,-1.19,3.59,0.04,
1,8,2.06,-1.19,3.59,-0.04,
1,9,-2.06,-1.19,3.59,-0.01,
1,9,0.00,2.38,3.59,0.01,
1,9,2.06,-1.19,3.59,-0.01,
1,10,-2.06,-1.19,3.59,-0.01,
1,10,2.06,-1.19,3.59,0.01,
1,11,-2.06,-1.19,3.59,0.04,
1,11,2.06,-1.19,3.59,-0.04,
1,12,-2.06,1.19,-4.08,-0.00,
1,12,2.06,1.19,-4.08,0.00,
1,13,-2.06,1.19,-4.08,0.06,
1,13,0.00,-2.38,-4.08,0.10,
1,13,2.06,1.19,-4.08,0.06,
1,14,-2.06,1.19,-4.08,0.02,
1,14,2.06,1.19,-4.08,-0.02,
1,15,-2.06,1.19,-4.08,-0.08,
1,15,2.06,1.19,-4.08,0.08,
1,16,-2.06,-1.19,-2.37,-0.01,
1,16,2.06,-1.19,-2.37,0.01,
1,17,-2.06,-1.19,-2.37,0.29,
1,17,0.00,2.38,-2.37,-0.10,
1,17,2.06,-1.19,-2.37,0.29,
1,18,-2.06,-1.19,-2.37,0.23,
1,18,2.06,-1.19,-2.37,-0.23,
1,19,-2.06,-1.19,-2.37,0.45,
1,19,2.06,-1.19,-2.37,-0.45,
2,2,-4.11,0.00,0.00,-0.00,
2,2,-2.06,-3.56,0.00,0.23,
2,2,-2.06,3.56,0.00,0.23,
2,2,0.00,0.00,0.00,-1.91,
2,2,2.06,-3.56,0.00,0.23,
2,2,2.06,3.56,0.00,0.23,
2,2,4.11,0.00,0.00,-0.00,
2,4,-2.06,1.19,1.71,-0.84,
2,4,0.00,-2.38,1.71,1.69,
2,4,2.06,1.19,1.71,-0.84,
2,5,-2.06,1.19,1.71,-0.71,
2,5,2.06,1.19,1.71,0.71,
2,6,-2.06,1.19,1.71,-0.03,
2,6,0.00,-2.38,1.71,1.21,
2,6,2.06,1.19,1.71,-0.03,
2,7,-2.06,1.19,1.71,0.59,
2,7,0.00,-2.38,1.71,-1.19,
2,7,2.06,1.19,1.71,0.59,
2,8,-2.06,-1.19,3.59,0.02,
2,8,0.00,2.38,3.59,-0.04,
2,8,2.06,-1.19,3.59,0.02,
2,9,-2.06,-1.19,3.59,-0.01,
2,9,2.06,-1.19,3.59,0.01,
2,10,-2.06,-1.19,3.59,0.00,
2,10,0.00,2.38,3.59,-0.02,
2,10,2.06,-1.19,3.59,0.00,
2,11,-2.06,-1.19,3.59,0.02,
2,11,0.00,2.38,3.59,-0.04,
2,11,2.06,-1.19,3.59,0.02,
2,12,-2.06,1.19,-4.08,0.00,
2,12,0.00,-2.38,-4.08,-0.00,
2,12,2.06,1.19,-4.08,0.00,
2,13,-2.06,1.19,-4.08,0.02,
2,13,2.06,1.19,-4.08,-0.02,
2,14,-2.06,1.19,-4.08,0.09,
2,14,0.00,-2.38,-4.08,0.05,
2,14,2.06,1.19,-4.08,0.09,
2,15,-2.06,1.19,-4.08,0.05,
2,15,0.00,-2.38,-4.08,-0.09,
2,15,2.06,1.19,-4.08,0.05,
2,16,-2.06,-1.19,-2.37,-0.01,
2,16,0.00,2.38,-2.37,0.01,
2,16,2.06,-1.19,-2.37,-0.01,
2,17,-2.06,-1.19,-2.37,0.23,
2,17,2.06,-1.19,-2.37,-0.23,
2,18,-2.06,-1.19,-2.37,0.03,
2,18,0.00,2.38,-2.37,0.42,
2,18,2.06,-1.19,-2.37,0.03,
2,19,-2.06,-1.19,-2.37,0.26,
2,19,0.00,2.38,-2.37,-0.52,
2,19,2.06,-1.19,-2.37,0.26,
3,3,-4.11,0.00,0.00,-0.00,
3,3,-2.06,-3.56,0.00,-0.00,
3,3,-2.06,3.56,0.00,-0.00,
3,3,0.00,0.00,0.00,-1.91,
3,3,2.06,-3.56,0.00,-0.00,
3,3,2.06,3.56,0.00,-0.00,
3,3,4.11,0.00,0.00,-0.00,
3,4,-2.06,1.19,1.71,-1.21,
3,4,0.00,-2.38,1.71,-1.21,
3,4,2.06,1.19,1.71,-1.21,
3,5,-2.06,1.19,1.71,-1.03,
3,5,2.06,1.19,1.71,1.03,
3,6,-2.06,1.19,1.71,0.59,
3,6,0.00,-2.38,1.71,-1.19,
3,6,2.06,1.19,1.71,0.59,
3,7,-2.06,1.19,1.71,0.41,
3,7,0.00,-2.38,1.71,0.41,
3,7,2.06,1.19,1.71,0.41,
3,8,-2.06,-1.19,3.59,-0.06,
3,8,0.00,2.38,3.59,-0.06,
3,8,2.06,-1.19,3.59,-0.06,
3,9,-2.06,-1.19,3.59,0.04,
3,9,2.06,-1.19,3.59,-0.04,
3,10,-2.06,-1.19,3.59,0.02,
3,10,0.00,2.38,3.59,-0.04,
3,10,2.06,-1.19,3.59,0.02,
3,11,-2.06,-1.19,3.59,-0.06,
3,11,0.00,2.38,3.59,-0.06,
3,11,2.06,-1.19,3.59,-0.06,
3,12,-2.06,1.19,-4.08,-0.00,
3,12,0.00,-2.38,-4.08,-0.00,
3,12,2.06,1.19,-4.08,-0.00,
3,13,-2.06,1.19,-4.08,-0.08,
3,13,2.06,1.19,-4.08,0.08,
3,14,-2.06,1.19,-4.08,0.05,
3,14,0.00,-2.38,-4.08,-0.09,
3,14,2.06,1.19,-4.08,0.05,
3,15,-2.06,1.19,-4.08,-0.06,
3,15,0.00,-2.38,-4.08,-0.06,
3,15,2.06,1.19,-4.08,-0.06,
3,16,-2.06,-1.19,-2.37,-0.01,
3,16,0.00,2.38,-2.37,-0.01,
3,16,2.06,-1.19,-2.37,-0.01,
3,17,-2.06,-1.19,-2.37,0.45,
3,17,2.06,-1.19,-2.37,-0.45,
3,18,-2.06,-1.19,-2.37,0.26,
3,18,0.00,2.38,-2.37,-0.52,
3,18,2.06,-1.19,-2.37,0.26,
3,19,-2.06,-1.19,-2.37,0.42,
3,19,0.00,2.38,-2.37,0.42,
3,19,2.06,-1.19,-2.37,0.42,
4,4,-4.11,0.00,0.00,0.22,
4,4,-2.06,-3.56,0.00,0.22,
4,4,-2.06,3.56,0.00,0.22,
4,4,0.00,0.00,0.00,-11.16,
4,4,2.06,-3.56,0.00,0.22,
4,4,2.06,3.56,0.00,0.22,
4,4,4.11,0.00,0.00,0.22,
4,5,-4.11,0.00,0.00,0.31,
4,5,-2.06,-3.56,0.00,0.15,
4,5,-2.06,3.56,0.00,0.15,
4,5,2.06,-3.56,0.00,-0.15,
4,5,2.06,3.56,0.00,-0.15,
4,5,4.11,0.00,0.00,-0.31,
4,6,-2.06,-3.56,0.00,0.27,
4,6,-2.06,3.56,0.00,-0.27,
4,6,2.06,-3.56,0.00,0.27,
4,6,2.06,3.56,0.00,-0.27,
4,8,-2.06,1.19,1.88,-0.24,
4,8,0.00,-2.38,1.88,-0.24,
4,8,2.06,1.19,1.88,-0.24,
4,9,-2.06,1.19,1.88,0.14,
4,9,2.06,1.19,1.88,-0.14,
4,10,-2.06,1.19,1.88,-0.08,
4,10,0.00,-2.38,1.88,0.16,
4,10,2.06,1.19,1.88,-0.08,
4,11,-2.06,1.19,1.88,-0.12,
4,11,0.00,-2.38,1.88,-0.12,
4,11,2.06,1.19,1.88,-0.12,
4,12,-2.06,-1.19,3.76,-0.06,
4,12,0.00,2.38,3.76,-0.06,
4,12,2.06,-1.19,3.76,-0.06,
4,13,-2.06,-1.19,3.76,0.10,
4,13,2.06,-1.19,3.76,-0.10,
4,14,-2.06,-1.19,3.76,0.06,
4,14,0.00,2.38,3.76,-0.11,
4,14,2.06,-1.19,3.76,0.06,
4,15,-2.06,-1.19,3.76,-0.18,
4,15,0.00,2.38,3.76,-0.18,
4,15,2.06,-1.19,3.76,-0.18,
4,16,-2.06,1.19,-4.08,0.03,
4,16,0.00,-2.38,-4.08,0.03,
4,16,2.06,1.19,-4.08,0.03,
4,17,-2.06,1.19,-4.08,0.00,
4,17,2.06,1.19,-4.08,-0.00,
4,18,-2.06,1.19,-4.08,-0.00,
4,18,0.00,-2.38,-4.08,0.00,
4,18,2.06,1.19,-4.08,-0.00,
4,19,-2.06,1.19,-4.08,0.00,
4,19,0.00,-2.38,-4.08,0.00,
4,19,2.06,1.19,-4.08,0.00,
5,5,-4.11,0.00,0.00,0.32,
5,5,-2.06,-3.56,0.00,0.04,
5,5,-2.06,3.56,0.00,0.04,
5,5,0.00,0.00,0.00,-0.14,
5,5,2.06,-3.56,0.00,0.04,
5,5,2.06,3.56,0.00,0.04,
5,5,4.11,0.00,0.00,0.32,
5,6,-2.06,-3.56,0.00,0.16,
5,6,-2.06,3.56,0.00,-0.16,
5,6,2.06,-3.56,0.00,-0.16,
5,6,2.06,3.56,0.00,0.16,
5,8,-2.06,1.19,1.88,0.01,
5,8,2.06,1.19,1.88,-0.01,
5,9,-2.06,1.19,1.88,0.65,
5,9,0.00,-2.38,1.88,-0.53,
5,9,2.06,1.19,1.88,0.65,
5,10,-2.06,1.19,1.88,-0.68,
5,10,2.06,1.19,1.88,0.68,
5,11,-2.06,1.19,1.88,-1.08,
5,11,2.06,1.19,1.88,1.08,
5,12,-2.06,-1.19,3.76,-0.10,
5,12,2.06,-1.19,3.76,0.10,
5,13,-2.06,-1.19,3.76,0.02,
5,13,0.00,2.38,3.76,-0.01,
5,13,2.06,-1.19,3.76,0.02,
5,14,-2.06,-1.19,3.76,0.02,
5,14,2.06,-1.19,3.76,-0.02,
5,15,-2.06,-1.19,3.76,-0.05,
5,15,2.06,-1.19,3.76,0.05,
5,16,-2.06,1.19,-4.08,-0.11,
5,16,2.06,1.19,-4.08,0.11,
5,17,-2.06,1.19,-4.08,0.06,
5,17,0.00,-2.38,-4.08,0.10,
5,17,2.06,1.19,-4.08,0.06,
5,18,-2.06,1.19,-4.08,0.02,
5,18,2.06,1.19,-4.08,-0.02,
5,19,-2.06,1.19,-4.08,-0.08,
5,19,2.06,1.19,-4.08,0.08,
6,6,-4.11,0.00,0.00,-0.05,
6,6,-2.06,-3.56,0.00,0.23,
6,6,-2.06,3.56,0.00,0.23,
6,6,0.00,0.00,0.00,-0.14,
6,6,2.06,-3.56,0.00,0.23,
6,6,2.06,3.56,0.00,0.23,
6,6,4.11,0.00,0.00,-0.05,
6,8,-2.06,1.19,1.88,-0.01,
6,8,0.00,-2.38,1.88,0.02,
6,8,2.06,1.19,1.88,-0.01,
6,9,-2.06,1.19,1.88,-0.68,
6,9,2.06,1.19,1.88,0.68,
6,10,-2.06,1.19,1.88,-0.14,
6,10,0.00,-2.38,1.88,1.04,
6,10,2.06,1.19,1.88,-0.14,
6,11,-2.06,1.19,1.88,0.62,
6,11,0.00,-2.38,1.88,-1.25,
6,11,2.06,1.19,1.88,0.62,
6,12,-2.06,-1.19,3.76,-0.06,
6,12,0.00,2.38,3.76,0.11,
6,12,2.06,-1.19,3.76,-0.06,
6,13,-2.06,-1.19,3.76,0.02,
6,13,2.06,-1.19,3.76,-0.02,
6,14,-2.06,-1.19,3.76,-0.00,
6,14,0.00,2.38,3.76,0.03,
6,14,2.06,-1.19,3.76,-0.00,
6,15,-2.06,-1.19,3.76,-0.03,
6,15,0.00,2.38,3.76,0.06,
6,15,2.06,-1.19,3.76,-0.03,
6,16,-2.06,1.19,-4.08,0.06,
6,16,0.00,-2.38,-4.08,-0.13,
6,16,2.06,1.19,-4.08,0.06,
6,17,-2.06,1.19,-4.08,0.02,
6,17,2.06,1.19,-4.08,-0.02,
6,18,-2.06,1.19,-4.08,0.09,
6,18,0.00,-2.38,-4.08,0.05,
6,18,2.06,1.19,-4.08,0.09,
6,19,-2.06,1.19,-4.08,0.05,
6,19,0.00,-2.38,-4.08,-0.09,
6,19,2.06,1.19,-4.08,0.05,
7,7,-4.11,0.00,0.00,-0.05,
7,7,-2.06,-3.56,0.00,-0.05,
7,7,-2.06,3.56,0.00,-0.05,
7,7,0.00,0.00,0.00,-0.14,
7,7,2.06,-3.56,0.00,-0.05,
7,7,2.06,3.56,0.00,-0.05,
7,7,4.11,0.00,0.00,-0.05,
7,8,-2.06,1.19,1.88,-0.01,
7,8,0.00,-2.38,1.88,-0.01,
7,8,2.06,1.19,1.88,-0.01,
7,9,-2.06,1.19,1.88,-1.08,
7,9,2.06,1.19,1.88,1.08,
7,10,-2.06,1.19,1.88,0.62,
7,10,0.00,-2.38,1.88,-1.25,
7,10,2.06,1.19,1.88,0.62,
7,11,-2.06,1.19,1.88,0.46,
7,11,0.00,-2.38,1.88,0.46,
7,11,2.06,1.19,1.88,0.46,
7,12,-2.06,-1.19,3.76,0.18,
7,12,0.00,2.38,3.76,0.18,
7,12,2.06,-1.19,3.76,0.18,
7,13,-2.06,-1.19,3.76,-0.05,
7,13,2.06,-1.19,3.76,0.05,
7,14,-2.06,-1.19,3.76,-0.03,
7,14,0.00,2.38,3.76,0.06,
7,14,2.06,-1.19,3.76,-0.03,
7,15,-2.06,-1.19,3.76,0.08,
7,15,0.00,2.38,3.76,0.08,
7,15,2.06,-1.19,3.76,0.08,
7,16,-2.06,1.19,-4.08,-0.22,
7,16,0.00,-2.38,-4.08,-0.22,
7,16,2.06,1.19,-4.08,-0.22,
7,17,-2.06,1.19,-4.08,-0.08,
7,17,2.06,1.19,-4.08,0.08,
7,18,-2.06,1.19,-4.08,0.05,
7,18,0.00,-2.38,-4.08,-0.09,
7,18,2.06,1.19,-4.08,0.05,
7,19,-2.06,1.19,-4.08,-0.06,
7,19,0.00,-2.38,-4.08,-0.06,
7,19,2.06,1.19,-4.08,-0.06,
8,8,-4.11,0.00,0.00,-0.09,
8,8,-2.06,-3.56,0.00,-0.09,
8,8,-2.06,3.56,0.00,-0.09,
8,8,0.00,0.00,0.00,-13.54,
8,8,2.06,-3.56,0.00,-0.09,
8,8,2.06,3.56,0.00,-0.09,
8,8,4.11,0.00,0.00,-0.09,
8,9,-4.11,0.00,0.00,0.27,
8,9,-2.06,-3.56,0.00,0.13,
8,9,-2.06,3.56,0.00,0.13,
8,9,2.06,-3.56,0.00,-0.13,
8,9,2.06,3.56,0.00,-0.13,
8,9,4.11,0.00,0.00,-0.27,
8,10,-2.06,-3.56,0.00,0.23,
8,10,-2.06,3.56,0.00,-0.23,
8,10,2.06,-3.56,0.00,0.23,
8,10,2.06,3.56,0.00,-0.23,
8,12,-2.06,1.19,1.88,-0.24,
8,12,0.00,-2.38,1.88,-0.24,
8,12,2.06,1.19,1.88,-0.24,
8,13,-2.06,1.19,1.88,-0.01,
8,13,2.06,1.19,1.88,0.01,
8,14,-2.06,1.19,1.88,0.01,
8,14,0.00,-2.38,1.88,-0.02,
8,14,2.06,1.19,1.88,0.01,
8,15,-2.06,1.19,1.88,0.01,
8,15,0.00,-2.38,1.88,0.01,
8,15,2.06,1.19,1.88,0.01,
8,16,-2.06,-1.19,3.59,0.02,
8,16,0.00,2.38,3.59,0.02,
8,16,2.06,-1.19,3.59,0.02,
8,17,-2.06,-1.19,3.59,-0.04,
8,17,2.06,-1.19,3.59,0.04,
8,18,-2.06,-1.19,3.59,-0.02,
8,18,0.00,2.38,3.59,0.04,
8,18,2.06,-1.19,3.59,-0.02,
8,19,-2.06,-1.19,3.59,0.06,
8,19,0.00,2.38,3.59,0.06,
8,19,2.06,-1.19,3.59,0.06,
9,9,-4.11,0.00,0.00,-0.15,
9,9,-2.06,-3.56,0.00,-0.08,
9,9,-2.06,3.56,0.00,-0.08,
9,9,0.00,0.00,0.00,-1.59,
9,9,2.06,-3.56,0.00,-0.08,
9,9,2.06,3.56,0.00,-0.08,
9,9,4.11,0.00,0.00,-0.15,
9,10,-2.06,-3.56,0.00,-0.04,
9,10,-2.06,3.56,0.00,0.04,
9,10,2.06,-3.56,0.00,0.04,
9,10,2.06,3.56,0.00,-0.04,
9,12,-2.06,1.19,1.88,-0.14,
9,12,2.06,1.19,1.88,0.14,
9,13,-2.06,1.19,1.88,0.65,
9,13,0.00,-2.38,1.88,-0.53,
9,13,2.06,1.19,1.88,0.65,
9,14,-2.06,1.19,1.88,-0.68,
9,14,2.06,1.19,1.88,0.68,
9,15,-2.06,1.19,1.88,-1.08,
9,15,2.06,1.19,1.88,1.08,
9,16,-2.06,-1.19,3.59,-0.02,
9,16,2.06,-1.19,3.59,0.02,
9,17,-2.06,-1.19,3.59,-0.01,
9,17,0.00,2.38,3.59,0.01,
9,17,2.06,-1.19,3.59,-0.01,
9,18,-2.06,-1.19,3.59,-0.01,
9,18,2.06,-1.19,3.59,0.01,
9,19,-2.06,-1.19,3.59,0.04,
9,19,2.06,-1.19,3.59,-0.04,
10,10,-4.11,0.00,0.00,-0.06,
10,10,-2.06,-3.56,0.00,-0.13,
10,10,-2.06,3.56,0.00,-0.13,
10,10,0.00,0.00,0.00,-1.59,
10,10,2.06,-3.56,0.00,-0.13,
10,10,2.06,3.56,0.00,-0.13,
10,10,4.11,0.00,0.00,-0.06,
10,12,-2.06,1.19,1.88,0.08,
10,12,0.00,-2.38,1.88,-0.16,
10,12,2.06,1.19,1.88,0.08,
10,13,-2.06,1.19,1.88,-0.68,
10,13,2.06,1.19,1.88,0.68,
10,14,-2.06,1.19,1.88,-0.14,
10,14,0.00,-2.38,1.88,1.04,
10,14,2.06,1.19,1.88,-0.14,
10,15,-2.06,1.19,1.88,0.62,
10,15,0.00,-2.38,1.88,-1.25,
10,15,2.06,1.19,1.88,0.62,
10,16,-2.06,-1.19,3.59,-0.01,
10,16,0.00,2.38,3.59,0.02,
10,16,2.06,-1.19,3.59,-0.01,
10,17,-2.06,-1.19,3.59,-0.01,
10,17,2.06,-1.19,3.59,0.01,
10,18,-2.06,-1.19,3.59,0.00,
10,18,0.00,2.38,3.59,-0.02,
10,18,2.06,-1.19,3.59,0.00,
10,19,-2.06,-1.19,3.59,0.02,
10,19,0.00,2.38,3.59,-0.04,
10,19,2.06,-1.19,3.59,0.02,
11,11,-4.11,0.00,0.00,-0.06,
11,11,-2.06,-3.56,0.00,-0.06,
11,11,-2.06,3.56,0.00,-0.06,
11,11,0.00,0.00,0.00,-1.59,
11,11,2.06,-3.56,0.00,-0.06,
11,11,2.06,3.56,0.00,-0.06,
11,11,4.11,0.00,0.00,-0.06,
11,12,-2.06,1.19,1.88,0.12,
11,12,0.00,-2.38,1.88,0.12,
11,12,2.06,1.19,1.88,0.12,
11,13,-2.06,1.19,1.88,-1.08,
11,13,2.06,1.19,1.88,1.08,
11,14,-2.06,1.19,1.88,0.62,
11,14,0.00,-2.38,1.88,-1.25,
11,14,2.06,1.19,1.88,0.62,
11,15,-2.06,1.19,1.88,0.46,
11,15,0.00,-2.38,1.88,0.46,
11,15,2.06,1.19,1.88,0.46,
11,16,-2.06,-1.19,3.59,0.03,
11,16,0.00,2.38,3.59,0.03,
11,16,2.06,-1.19,3.59,0.03,
11,17,-2.06,-1.19,3.59,0.04,
11,17,2.06,-1.19,3.59,-0.04,
11,18,-2.06,-1.19,3.59,0.02,
11,18,0.00,2.38,3.59,-0.04,
11,18,2.06,-1.19,3.59,0.02,
11,19,-2.06,-1.19,3.59,-0.06,
11,19,0.00,2.38,3.59,-0.06,
11,19,2.06,-1.19,3.59,-0.06,
12,12,-4.11,0.00,0.00,0.22,
12,12,-2.06,-3.56,0.00,0.22,
12,12,-2.06,3.56,0.00,0.22,
12,12,0.00,0.00,0.00,-11.16,
12,12,2.06,-3.56,0.00,0.22,
12,12,2.06,3.56,0.00,0.22,
12,12,4.11,0.00,0.00,0.22,
12,13,-4.11,0.00,0.00,0.31,
12,13,-2.06,-3.56,0.00,0.15,
12,13,-2.06,3.56,0.00,0.15,
12,13,2.06,-3.56,0.00,-0.15,
12,13,2.06,3.56,0.00,-0.15,
12,13,4.11,0.00,0.00,-0.31,
12,14,-2.06,-3.56,0.00,0.27,
12,14,-2.06,3.56,0.00,-0.27,
12,14,2.06,-3.56,0.00,0.27,
12,14,2.06,3.56,0.00,-0.27,
12,16,-2.06,1.19,1.71,-0.68,
12,16,0.00,-2.38,1.71,-0.68,
12,16,2.06,1.19,1.71,-0.68,
12,17,-2.06,1.19,1.71,-1.46,
12,17,2.06,1.19,1.71,1.46,
12,18,-2.06,1.19,1.71,0.84,
12,18,0.00,-2.38,1.71,-1.69,
12,18,2.06,1.19,1.71,0.84,
12,19,-2.06,1.19,1.71,1.21,
12,19,0.00,-2.38,1.71,1.21,
12,19,2.06,1.19,1.71,1.21,
13,13,-4.11,0.00,0.00,0.32,
13,13,-2.06,-3.56,0.00,0.04,
13,13,-2.06,3.56,0.00,0.04,
13,13,0.00,0.00,0.00,-0.14,
13,13,2.06,-3.56,0.00,0.04,
13,13,2.06,3.56,0.00,0.04,
13,13,4.11,0.00,0.00,0.32,
13,14,-2.06,-3.56,0.00,0.16,
13,14,-2.06,3.56,0.00,-0.16,
13,14,2.06,-3.56,0.00,-0.16,
13,14,2.06,3.56,0.00,0.16,
13,16,-2.06,1.19,1.71,0.34,
13,16,2.06,1.19,1.71,-0.34,
13,17,-2.06,1.19,1.71,0.79,
13,17,0.00,-2.38,1.71,-0.44,
13,17,2.06,1.19,1.71,0.79,
13,18,-2.06,1.19,1.71,-0.71,
13,18,2.06,1.19,1.71,0.71,
13,19,-2.06,1.19,1.71,-1.03,
13,19,2.06,1.19,1.71,1.03,
14,14,-4.11,0.00,0.00,-0.05,
14,14,-2.06,-3.56,0.00,0.23,
14,14,-2.06,3.56,0.00,0.23,
14,14,0.00,0.00,0.00,-0.14,
14,14,2.06,-3.56,0.00,0.23,
14,14,2.06,3.56,0.00,0.23,
14,14,4.11,0.00,0.00,-0.05,
14,16,-2.06,1.19,1.71,-0.19,
14,16,0.00,-2.38,1.71,0.39,
14,16,2.06,1.19,1.71,-0.19,
14,17,-2.06,1.19,1.71,-0.71,
14,17,2.06,1.19,1.71,0.71,
14,18,-2.06,1.19,1.71,-0.03,
14,18,0.00,-2.38,1.71,1.21,
14,18,2.06,1.19,1.71,-0.03,
14,19,-2.06,1.19,1.71,0.59,
14,19,0.00,-2.38,1.71,-1.19,
14,19,2.06,1.19,1.71,0.59,
15,15,-4.11,0.00,0.00,-0.05,
15,15,-2.06,-3.56,0.00,-0.05,
15,15,-2.06,3.56,0.00,-0.05,
15,15,0.00,0.00,0.00,-0.14,
15,15,2.06,-3.56,0.00,-0.05,
15,15,2.06,3.56,0.00,-0.05,
15,15,4.11,0.00,0.00,-0.05,
15,16,-2.06,1.19,1.71,-0.28,
15,16,0.00,-2.38,1.71,-0.28,
15,16,2.06,1.19,1.71,-0.28,
15,17,-2.06,1.19,1.71,-1.03,
15,17,2.06,1.19,1.71,1.03,
15,18,-2.06,1.19,1.71,0.59,
15,18,0.00,-2.38,1.71,-1.19,
15,18,2.06,1.19,1.71,0.59,
15,19,-2.06,1.19,1.71,0.41,
15,19,0.00,-2.38,1.71,0.41,
15,19,2.06,1.19,1.71,0.41,
16,16,-4.11,0.00,0.00,-0.06,
16,16,-2.06,-3.56,0.00,-0.06,
16,16,-2.06,3.56,0.00,-0.06,
16,16,0.00,0.00,0.00,-11.32,
16,16,2.06,-3.56,0.00,-0.06,
16,16,2.06,3.56,0.00,-0.06,
16,16,4.11,0.00,0.00,-0.06,
16,17,-4.11,0.00,0.00,-0.28,
16,17,-2.06,-3.56,0.00,-0.14,
16,17,-2.06,3.56,0.00,-0.14,
16,17,2.06,-3.56,0.00,0.14,
16,17,2.06,3.56,0.00,0.14,
16,17,4.11,0.00,0.00,0.28,
16,18,-2.06,-3.56,0.00,-0.25,
16,18,-2.06,3.56,0.00,0.25,
16,18,2.06,-3.56,0.00,-0.25,
16,18,2.06,3.56,0.00,0.25,
17,17,-4.11,0.00,0.00,0.30,
17,17,-2.06,-3.56,0.00,0.07,
17,17,-2.06,3.56,0.00,0.07,
17,17,0.00,0.00,0.00,-1.91,
17,17,2.06,-3.56,0.00,0.07,
17,17,2.06,3.56,0.00,0.07,
17,17,4.11,0.00,0.00,0.30,
17,18,-2.06,-3.56,0.00,0.13,
17,18,-2.06,3.56,0.00,-0.13,
17,18,2.06,-3.56,0.00,-0.13,
17,18,2.06,3.56,0.00,0.13,
18,18,-4.11,0.00,0.00,-0.00,
18,18,-2.06,-3.56,0.00,0.23,
18,18,-2.06,3.56,0.00,0.23,
18,18,0.00,0.00,0.00,-1.91,
18,18,2.06,-3.56,0.00,0.23,
18,18,2.06,3.56,0.00,0.23,
18,18,4.11,0.00,0.00,-0.00,
19,19,-4.11,0.00,0.00,-0.00,
19,19,-2.06,-3.56,0.00,-0.00,
19,19,-2.06,3.56,0.00,-0.00,
19,19,0.00,0.00,0.00,-1.91,
19,19,2.06,-3.56,0.00,-0.00,
19,19,2.06,3.56,0.00,-0.00,
19,19,4.11,0.00,0.00,-0.00,
