0,0,-1.7800,-1.7800,0.0000,-0.57720
0,0,-1.7800,0.0000,-1.7800,-0.57720
0,0,-1.7800,0.0000,1.7800,-0.57720
0,0,-1.7800,1.7800,0.0000,-0.57720
0,0,0.0000,-1.7800,-1.7800,-0.57720
0,0,0.0000,-1.7800,1.7800,-0.57720
0,0,0.0000,0.0000,0.0000,-2.14000
0,0,0.0000,1.7800,-1.7800,-0.57720
0,0,0.0000,1.7800,1.7800,-0.57720
0,0,1.7800,-1.7800,0.0000,-0.57720
0,0,1.7800,0.0000,-1.7800,-0.57720
0,0,1.7800,0.0000,1.7800,-0.57720
0,0,1.7800,1.7800,0.0000,-0.57720
0,1,-1.7800,-1.7800,0.0000,-1.56454
0,1,-1.7800,0.0000,-1.7800,-1.56454
0,1,-1.7800,0.0000,1.7800,-1.56454
0,1,-1.7800,1.7800,0.0000,-1.56454
0,1,1.7800,-1.7800,0.0000,1.56454
0,1,1.7800,0.0000,-1.7800,1.56454
0,1,1.7800,0.0000,1.7800,1.56454
0,1,1.7800,1.7800,0.0000,1.56454
0,2,-1.7800,-1.7800,0.0000,-1.56454
0,2,-1.7800,1.7800,0.0000,1.56454
0,2,0.0000,-1.7800,-1.7800,-1.56454
0,2,0.0000,-1.7800,1.7800,-1.56454
0,2,0.0000,1.7800,-1.7800,1.56454
0,2,0.0000,1.7800,1.7800,1.56454
0,2,1.7800,-1.7800,0.0000,-1.56454
0,2,1.7800,1.7800,0.0000,1.56454
0,3,-1.7800,0.0000,-1.7800,-1.56454
0,3,-1.7800,0.0000,1.7800,1.56454
0,3,0.0000,-1.7800,-1.7800,-1.56454
0,3,0.0000,-1.7800,1.7800,1.56454
0,3,0.0000,1.7800,-1.7800,-1.56454
0,3,0.0000,1.7800,1.7800,1.56454
0,3,1.7800,0.0000,-1.7800,-1.56454
0,3,1.7800,0.0000,1.7800,1.56454
0,4,-1.7800,-1.7800,0.0000,-0.45187
0,4,-1.7800,1.7800,0.0000,0.45187
0,4,1.7800,-1.7800,0.0000,0.45187
0,4,1.7800,1.7800,0.0000,-0.45187
0,5,-1.7800,0.0000,-1.7800,-0.45187
0,5,-1.7800,0.0000,1.7800,0.45187
0,5,1.7800,0.0000,-1.7800,0.45187
0,5,1.7800,0.0000,1.7800,-0.45187
0,6,0.0000,-1.7800,-1.7800,-0.45187
0,6,0.0000,-1.7800,1.7800,0.45187
0,6,0.0000,1.7800,-1.7800,0.45187
0,6,0.0000,1.7800,1.7800,-0.45187
0,7,-1.7800,-1.7800,0.0000,0.26089
0,7,-1.7800,0.0000,-1.7800,-0.13044
0,7,-1.7800,0.0000,1.7800,-0.13044
0,7,-1.7800,1.7800,0.0000,0.26089
0,7,0.0000,-1.7800,-1.7800,-0.13044
0,7,0.0000,-1.7800,1.7800,-0.13044
0,7,0.0000,1.7800,-1.7800,-0.13044
0,7,0.0000,1.7800,1.7800,-0.13044
0,7,1.7800,-1.7800,0.0000,0.26089
0,7,1.7800,0.0000,-1.7800,-0.13044
0,7,1.7800,0.0000,1.7800,-0.13044
0,7,1.7800,1.7800,0.0000,0.26089
0,8,-1.7800,0.0000,-1.7800,-0.22593
0,8,-1.7800,0.0000,1.7800,-0.22593
0,8,0.0000,-1.7800,-1.7800,0.22593
0,8,0.0000,-1.7800,1.7800,0.22593
0,8,0.0000,1.7800,-1.7800,0.22593
0,8,0.0000,1.7800,1.7800,0.22593
0,8,1.7800,0.0000,-1.7800,-0.22593
0,8,1.7800,0.0000,1.7800,-0.22593
1,1,-1.7800,-1.7800,0.0000,1.46104
1,1,-1.7800,0.0000,-1.7800,1.46104
1,1,-1.7800,0.0000,1.7800,1.46104
1,1,-1.7800,1.7800,0.0000,1.46104
1,1,0.0000,-1.7800,-1.7800,-0.97402
1,1,0.0000,-1.7800,1.7800,-0.97402
1,1,0.0000,0.0000,0.0000,118.00000
1,1,0.0000,1.7800,-1.7800,-0.97402
1,1,0.0000,1.7800,1.7800,-0.97402
1,1,1.7800,-1.7800,0.0000,1.46104
1,1,1.7800,0.0000,-1.7800,1.46104
1,1,1.7800,0.0000,1.7800,1.46104
1,1,1.7800,1.7800,0.0000,1.46104
1,2,-1.7800,-1.7800,0.0000,2.43506
1,2,-1.7800,1.7800,0.0000,-2.43506
1,2,1.7800,-1.7800,0.0000,-2.43506
1,2,1.7800,1.7800,0.0000,2.43506
1,3,-1.7800,0.0000,-1.7800,2.43506
1,3,-1.7800,0.0000,1.7800,-2.43506
1,3,1.7800,0.0000,-1.7800,-2.43506
1,3,1.7800,0.0000,1.7800,2.43506
1,4,-1.7800,-1.7800,0.0000,0.29829
1,4,-1.7800,1.7800,0.0000,-0.29829
1,4,0.0000,-1.7800,-1.7800,-0.15879
1,4,0.0000,-1.7800,1.7800,-0.15879
1,4,0.0000,1.7800,-1.7800,0.15879
1,4,0.0000,1.7800,1.7800,0.15879
1,4,1.7800,-1.7800,0.0000,0.29829
1,4,1.7800,1.7800,0.0000,-0.29829
1,5,-1.7800,0.0000,-1.7800,0.29829
1,5,-1.7800,0.0000,1.7800,-0.29829
1,5,0.0000,-1.7800,-1.7800,-0.15879
1,5,0.0000,-1.7800,1.7800,0.15879
1,5,0.0000,1.7800,-1.7800,-0.15879
1,5,0.0000,1.7800,1.7800,0.15879
1,5,1.7800,0.0000,-1.7800,0.29829
1,5,1.7800,0.0000,1.7800,-0.29829
1,7,-1.7800,-1.7800,0.0000,-0.17222
1,7,-1.7800,0.0000,-1.7800,0.22362
1,7,-1.7800,0.0000,1.7800,0.22362
1,7,-1.7800,1.7800,0.0000,-0.17222
1,7,1.7800,-1.7800,0.0000,0.17222
1,7,1.7800,0.0000,-1.7800,-0.22362
1,7,1.7800,0.0000,1.7800,-0.22362
1,7,1.7800,1.7800,0.0000,0.17222
1,8,-1.7800,-1.7800,0.0000,0.15879
1,8,-1.7800,0.0000,-1.7800,0.22854
1,8,-1.7800,0.0000,1.7800,0.22854
1,8,-1.7800,1.7800,0.0000,0.15879
1,8,1.7800,-1.7800,0.0000,-0.15879
1,8,1.7800,0.0000,-1.7800,-0.22854
1,8,1.7800,0.0000,1.7800,-0.22854
1,8,1.7800,1.7800,0.0000,-0.15879
2,2,-1.7800,-1.7800,0.0000,1.46104
2,2,-1.7800,0.0000,-1.7800,-0.97402
2,2,-1.7800,0.0000,1.7800,-0.97402
2,2,-1.7800,1.7800,0.0000,1.46104
2,2,0.0000,-1.7800,-1.7800,1.46104
2,2,0.0000,-1.7800,1.7800,1.46104
2,2,0.0000,0.0000,0.0000,118.00000
2,2,0.0000,1.7800,-1.7800,1.46104
2,2,0.0000,1.7800,1.7800,1.46104
2,2,1.7800,-1.7800,0.0000,1.46104
2,2,1.7800,0.0000,-1.7800,-0.97402
2,2,1.7800,0.0000,1.7800,-0.97402
2,2,1.7800,1.7800,0.0000,1.46104
2,3,0.0000,-1.7800,-1.7800,2.43506
2,3,0.0000,-1.7800,1.7800,-2.43506
2,3,0.0000,1.7800,-1.7800,-2.43506
2,3,0.0000,1.7800,1.7800,2.43506
2,4,-1.7800,-1.7800,0.0000,0.29829
2,4,-1.7800,0.0000,-1.7800,-0.15879
2,4,-1.7800,0.0000,1.7800,-0.15879
2,4,-1.7800,1.7800,0.0000,0.29829
2,4,1.7800,-1.7800,0.0000,-0.29829
2,4,1.7800,0.0000,-1.7800,0.15879
2,4,1.7800,0.0000,1.7800,0.15879
2,4,1.7800,1.7800,0.0000,-0.29829
2,6,-1.7800,0.0000,-1.7800,-0.15879
2,6,-1.7800,0.0000,1.7800,0.15879
2,6,0.0000,-1.7800,-1.7800,0.29829
2,6,0.0000,-1.7800,1.7800,-0.29829
2,6,0.0000,1.7800,-1.7800,0.29829
2,6,0.0000,1.7800,1.7800,-0.29829
2,6,1.7800,0.0000,-1.7800,-0.15879
2,6,1.7800,0.0000,1.7800,0.15879
2,7,-1.7800,-1.7800,0.0000,-0.17222
2,7,-1.7800,1.7800,0.0000,0.17222
2,7,0.0000,-1.7800,-1.7800,0.22362
2,7,0.0000,-1.7800,1.7800,0.22362
2,7,0.0000,1.7800,-1.7800,-0.22362
2,7,0.0000,1.7800,1.7800,-0.22362
2,7,1.7800,-1.7800,0.0000,-0.17222
2,7,1.7800,1.7800,0.0000,0.17222
2,8,-1.7800,-1.7800,0.0000,0.15879
2,8,-1.7800,1.7800,0.0000,-0.15879
2,8,0.0000,-1.7800,-1.7800,-0.06975
2,8,0.0000,-1.7800,1.7800,-0.06975
2,8,0.0000,1.7800,-1.7800,0.06975
2,8,0.0000,1.7800,1.7800,0.06975
2,8,1.7800,-1.7800,0.0000,0.15879
2,8,1.7800,1.7800,0.0000,-0.15879
3,3,-1.7800,-1.7800,0.0000,-0.97402
3,3,-1.7800,0.0000,-1.7800,1.46104
3,3,-1.7800,0.0000,1.7800,1.46104
3,3,-1.7800,1.7800,0.0000,-0.97402
3,3,0.0000,-1.7800,-1.7800,1.46104
3,3,0.0000,-1.7800,1.7800,1.46104
3,3,0.0000,0.0000,0.0000,118.00000
3,3,0.0000,1.7800,-1.7800,1.46104
3,3,0.0000,1.7800,1.7800,1.46104
3,3,1.7800,-1.7800,0.0000,-0.97402
3,3,1.7800,0.0000,-1.7800,1.46104
3,3,1.7800,0.0000,1.7800,1.46104
3,3,1.7800,1.7800,0.0000,-0.97402
3,5,-1.7800,-1.7800,0.0000,-0.15879
3,5,-1.7800,0.0000,-1.7800,0.29829
3,5,-1.7800,0.0000,1.7800,0.29829
3,5,-1.7800,1.7800,0.0000,-0.15879
3,5,1.7800,-1.7800,0.0000,0.15879
3,5,1.7800,0.0000,-1.7800,-0.29829
3,5,1.7800,0.0000,1.7800,-0.29829
3,5,1.7800,1.7800,0.0000,0.15879
3,6,-1.7800,-1.7800,0.0000,-0.15879
3,6,-1.7800,1.7800,0.0000,0.15879
3,6,0.0000,-1.7800,-1.7800,0.29829
3,6,0.0000,-1.7800,1.7800,0.29829
3,6,0.0000,1.7800,-1.7800,-0.29829
3,6,0.0000,1.7800,1.7800,-0.29829
3,6,1.7800,-1.7800,0.0000,-0.15879
3,6,1.7800,1.7800,0.0000,0.15879
3,7,-1.7800,0.0000,-1.7800,-0.05141
3,7,-1.7800,0.0000,1.7800,0.05141
3,7,0.0000,-1.7800,-1.7800,-0.05141
3,7,0.0000,-1.7800,1.7800,0.05141
3,7,0.0000,1.7800,-1.7800,-0.05141
3,7,0.0000,1.7800,1.7800,0.05141
3,7,1.7800,0.0000,-1.7800,-0.05141
3,7,1.7800,0.0000,1.7800,0.05141
3,8,-1.7800,0.0000,-1.7800,0.22854
3,8,-1.7800,0.0000,1.7800,-0.22854
3,8,0.0000,-1.7800,-1.7800,-0.22854
3,8,0.0000,-1.7800,1.7800,0.22854
3,8,0.0000,1.7800,-1.7800,-0.22854
3,8,0.0000,1.7800,1.7800,0.22854
3,8,1.7800,0.0000,-1.7800,0.22854
3,8,1.7800,0.0000,1.7800,-0.22854
4,4,-1.7800,-1.7800,0.0000,-0.27547
4,4,-1.7800,0.0000,-1.7800,0.09919
4,4,-1.7800,0.0000,1.7800,0.09919
4,4,-1.7800,1.7800,0.0000,-0.27547
4,4,0.0000,-1.7800,-1.7800,0.09919
4,4,0.0000,-1.7800,1.7800,0.09919
4,4,0.0000,0.0000,0.0000,-2.14000
4,4,0.0000,1.7800,-1.7800,0.09919
4,4,0.0000,1.7800,1.7800,0.09919
4,4,1.7800,-1.7800,0.0000,-0.27547
4,4,1.7800,0.0000,-1.7800,0.09919
4,4,1.7800,0.0000,1.7800,0.09919
4,4,1.7800,1.7800,0.0000,-0.27547
4,5,0.0000,-1.7800,-1.7800,0.09919
4,5,0.0000,-1.7800,1.7800,-0.09919
4,5,0.0000,1.7800,-1.7800,-0.09919
4,5,0.0000,1.7800,1.7800,0.09919
4,6,-1.7800,0.0000,-1.7800,0.09919
4,6,-1.7800,0.0000,1.7800,-0.09919
4,6,1.7800,0.0000,-1.7800,-0.09919
4,6,1.7800,0.0000,1.7800,0.09919
4,7,-1.7800,-1.7800,0.0000,0.15905
4,7,-1.7800,1.7800,0.0000,-0.15905
4,7,1.7800,-1.7800,0.0000,-0.15905
4,7,1.7800,1.7800,0.0000,0.15905
5,5,-1.7800,-1.7800,0.0000,0.09919
5,5,-1.7800,0.0000,-1.7800,-0.27547
5,5,-1.7800,0.0000,1.7800,-0.27547
5,5,-1.7800,1.7800,0.0000,0.09919
5,5,0.0000,-1.7800,-1.7800,0.09919
5,5,0.0000,-1.7800,1.7800,0.09919
5,5,0.0000,0.0000,0.0000,-2.14000
5,5,0.0000,1.7800,-1.7800,0.09919
5,5,0.0000,1.7800,1.7800,0.09919
5,5,1.7800,-1.7800,0.0000,0.09919
5,5,1.7800,0.0000,-1.7800,-0.27547
5,5,1.7800,0.0000,1.7800,-0.27547
5,5,1.7800,1.7800,0.0000,0.09919
5,6,-1.7800,-1.7800,0.0000,0.09919
5,6,-1.7800,1.7800,0.0000,-0.09919
5,6,1.7800,-1.7800,0.0000,-0.09919
5,6,1.7800,1.7800,0.0000,0.09919
5,7,-1.7800,0.0000,-1.7800,-0.07952
5,7,-1.7800,0.0000,1.7800,0.07952
5,7,1.7800,0.0000,-1.7800,0.07952
5,7,1.7800,0.0000,1.7800,-0.07952
5,8,-1.7800,0.0000,-1.7800,-0.13774
5,8,-1.7800,0.0000,1.7800,0.13774
5,8,1.7800,0.0000,-1.7800,0.13774
5,8,1.7800,0.0000,1.7800,-0.13774
6,6,-1.7800,-1.7800,0.0000,0.09919
6,6,-1.7800,0.0000,-1.7800,0.09919
6,6,-1.7800,0.0000,1.7800,0.09919
6,6,-1.7800,1.7800,0.0000,0.09919
6,6,0.0000,-1.7800,-1.7800,-0.27547
6,6,0.0000,-1.7800,1.7800,-0.27547
6,6,0.0000,0.0000,0.0000,-2.14000
6,6,0.0000,1.7800,-1.7800,-0.27547
6,6,0.0000,1.7800,1.7800,-0.27547
6,6,1.7800,-1.7800,0.0000,0.09919
6,6,1.7800,0.0000,-1.7800,0.09919
6,6,1.7800,0.0000,1.7800,0.09919
6,6,1.7800,1.7800,0.0000,0.09919
6,7,0.0000,-1.7800,-1.7800,-0.07952
6,7,0.0000,-1.7800,1.7800,0.07952
6,7,0.0000,1.7800,-1.7800,0.07952
6,7,0.0000,1.7800,1.7800,-0.07952
6,8,0.0000,-1.7800,-1.7800,0.13774
6,8,0.0000,-1.7800,1.7800,-0.13774
6,8,0.0000,1.7800,-1.7800,-0.13774
6,8,0.0000,1.7800,1.7800,0.13774
7,7,-1.7800,-1.7800,0.0000,-0.09182
7,7,-1.7800,0.0000,-1.7800,0.12583
7,7,-1.7800,0.0000,1.7800,0.12583
7,7,-1.7800,1.7800,0.0000,-0.09182
7,7,0.0000,-1.7800,-1.7800,0.12583
7,7,0.0000,-1.7800,1.7800,0.12583
7,7,0.0000,0.0000,0.0000,-2.14000
7,7,0.0000,1.7800,-1.7800,0.12583
7,7,0.0000,1.7800,1.7800,0.12583
7,7,1.7800,-1.7800,0.0000,-0.09182
7,7,1.7800,0.0000,-1.7800,0.12583
7,7,1.7800,0.0000,1.7800,0.12583
7,7,1.7800,1.7800,0.0000,-0.09182
7,8,-1.7800,0.0000,-1.7800,-0.12567
7,8,-1.7800,0.0000,1.7800,-0.12567
7,8,0.0000,-1.7800,-1.7800,0.12567
7,8,0.0000,-1.7800,1.7800,0.12567
7,8,0.0000,1.7800,-1.7800,0.12567
7,8,0.0000,1.7800,1.7800,0.12567
7,8,1.7800,0.0000,-1.7800,-0.12567
7,8,1.7800,0.0000,1.7800,-0.12567
8,8,-1.7800,-1.7800,0.0000,0.19839
8,8,-1.7800,0.0000,-1.7800,-0.01927
8,8,-1.7800,0.0000,1.7800,-0.01927
8,8,-1.7800,1.7800,0.0000,0.19839
8,8,0.0000,-1.7800,-1.7800,-0.01927
8,8,0.0000,-1.7800,1.7800,-0.01927
8,8,0.0000,0.0000,0.0000,-2.14000
8,8,0.0000,1.7800,-1.7800,-0.01927
8,8,0.0000,1.7800,1.7800,-0.01927
8,8,1.7800,-1.7800,0.0000,0.19839
8,8,1.7800,0.0000,-1.7800,-0.01927
8,8,1.7800,0.0000,1.7800,-0.01927
8,8,1.7800,1.7800,0.0000,0.19839
