ssr -3.981210 -1.641614 0.010300 3.2350 0.08422 6.2891 0.14680 0.067412 0.200000
spr 4.279389 -1.512800 0.003256 3.8325 0.08422 6.2891 0.14680 -0.080000 0.149834
ppr 8.064037 -1.423000 0.002526 4.0000 0.08422 6.2891 0.14680 -0.080000 0.020000
ppp -0.625000 -1.605000 0.016500 4.0500 0.08422 6.2891 0.14680 0.364997 0.200000
sdr -3.247739 -1.833692 0.010350 3.2000 0.08422 6.2891 0.14680 0.235000 0.200000
pdr -4.107218 -1.781660 0.010000 3.2000 0.08422 6.2891 0.14680 0.220163 0.020000
pdp 1.936082 -2.104600 0.010626 3.2000 0.08422 6.2891 0.14680 0.195313 0.200000
ddr -7.680902 -2.848120 0.020350 2.8900 0.08422 6.2891 0.14680 -0.080000 0.020000
ddp 6.239943 -3.095827 0.023211 3.0118 0.08422 6.2891 0.14680 0.123552 0.200000
ddd -0.746681 -2.827904 0.020363 2.8900 0.08422 6.2891 0.14680 -0.079401 0.020000
phi 57.12080 -4.49792 0.010224 3.8350 0.10733 6.4089 0.24173 0.098327 0.122753
cx 22 51.8897 0.5 0.016302 -0.0003676 -0.000004 54.6390 0.513165 0.0 0.0 0.0