0,0,0.0,0.0,0.0,(0.0173333333333+0j),
5,5,-0.0,-0.0,-0.0,(0.0173333333333+0j),
0,0,2.66819672813,2.66819672813,0.0,(0.0143333333333+0j),
5,5,-2.66819672813,-2.66819672813,-0.0,(0.0143333333333+0j),
0,0,-2.66819672813,-2.66819672813,-0.0,(0.0143333333333+0j),
5,5,2.66819672813,2.66819672813,0.0,(0.0143333333333+0j),
0,0,-2.66819672813,2.66819672813,0.0,(0.0143333333333+0j),
5,5,2.66819672813,-2.66819672813,-0.0,(0.0143333333333+0j),
0,0,2.66819672813,-2.66819672813,-0.0,(0.0143333333333+0j),
5,5,-2.66819672813,2.66819672813,0.0,(0.0143333333333+0j),
0,0,5.33639345626,0.0,0.0,(-0.00186666666667+0j),
5,5,-5.33639345626,-0.0,-0.0,(-0.00186666666667+0j),
0,0,-5.33639345626,-0.0,-0.0,(-0.00186666666667+0j),
5,5,5.33639345626,0.0,0.0,(-0.00186666666667+0j),
0,0,0.0,5.33639345626,0.0,(-0.00186666666667+0j),
5,5,-0.0,-5.33639345626,-0.0,(-0.00186666666667+0j),
0,0,-0.0,-5.33639345626,-0.0,(-0.00186666666667+0j),
5,5,0.0,5.33639345626,0.0,(-0.00186666666667+0j),
0,2,-2.66819672813,-2.66819672813,-0.0,(0.00933333333333+0j),
5,7,2.66819672813,2.66819672813,0.0,(0.00933333333333+0j),
0,2,2.66819672813,2.66819672813,0.0,(-0.00933333333333+0j),
5,7,-2.66819672813,-2.66819672813,-0.0,(-0.00933333333333+0j),
0,2,2.66819672813,-2.66819672813,-0.0,(-0.00933333333333+0j),
5,7,-2.66819672813,2.66819672813,0.0,(-0.00933333333333+0j),
0,2,-2.66819672813,2.66819672813,0.0,(0.00933333333333+0j),
5,7,2.66819672813,-2.66819672813,-0.0,(0.00933333333333+0j),
0,3,-2.66819672813,-2.66819672813,-0.0,(-0.00933333333333+0j),
5,8,2.66819672813,2.66819672813,0.0,(-0.00933333333333+0j),
0,3,2.66819672813,2.66819672813,0.0,(0.00933333333333+0j),
5,8,-2.66819672813,-2.66819672813,-0.0,(0.00933333333333+0j),
0,3,2.66819672813,-2.66819672813,-0.0,(-0.00933333333333+0j),
5,8,-2.66819672813,2.66819672813,0.0,(-0.00933333333333+0j),
0,3,-2.66819672813,2.66819672813,0.0,(0.00933333333333+0j),
5,8,2.66819672813,-2.66819672813,-0.0,(0.00933333333333+0j),
0,4,2.66819672813,2.66819672813,0.0,(-0.0181666666667+0j),
5,9,-2.66819672813,-2.66819672813,-0.0,(-0.0181666666667+0j),
0,4,-2.66819672813,-2.66819672813,-0.0,(-0.0181666666667+0j),
5,9,2.66819672813,2.66819672813,0.0,(-0.0181666666667+0j),
0,4,-2.66819672813,2.66819672813,0.0,(0.0181666666667+0j),
5,9,2.66819672813,-2.66819672813,-0.0,(0.0181666666667+0j),
0,4,2.66819672813,-2.66819672813,-0.0,(0.0181666666667+0j),
5,9,-2.66819672813,2.66819672813,0.0,(0.0181666666667+0j),
1,1,0.0,0.0,0.0,(-0.0798933333333+0j),
6,6,-0.0,-0.0,-0.0,(-0.0798933333333+0j),
1,1,2.66819672813,2.66819672813,0.0,(-0.00734+0j),
6,6,-2.66819672813,-2.66819672813,-0.0,(-0.00734+0j),
1,1,-2.66819672813,-2.66819672813,-0.0,(-0.00734+0j),
6,6,2.66819672813,2.66819672813,0.0,(-0.00734+0j),
1,1,-2.66819672813,2.66819672813,0.0,(-0.00734+0j),
6,6,2.66819672813,-2.66819672813,-0.0,(-0.00734+0j),
1,1,2.66819672813,-2.66819672813,-0.0,(-0.00734+0j),
6,6,-2.66819672813,2.66819672813,0.0,(-0.00734+0j),
1,2,-2.66819672813,-2.66819672813,-0.0,(-0.0148333333333+0j),
6,7,2.66819672813,2.66819672813,0.0,(-0.0148333333333+0j),
1,2,2.66819672813,2.66819672813,0.0,(0.0148333333333+0j),
6,7,-2.66819672813,-2.66819672813,-0.0,(0.0148333333333+0j),
1,2,2.66819672813,-2.66819672813,-0.0,(-0.0148333333333+0j),
6,7,-2.66819672813,2.66819672813,0.0,(-0.0148333333333+0j),
1,2,-2.66819672813,2.66819672813,0.0,(0.0148333333333+0j),
6,7,2.66819672813,-2.66819672813,-0.0,(0.0148333333333+0j),
1,3,-2.66819672813,-2.66819672813,-0.0,(-0.0148333333333+0j),
6,8,2.66819672813,2.66819672813,0.0,(-0.0148333333333+0j),
1,3,2.66819672813,2.66819672813,0.0,(0.0148333333333+0j),
6,8,-2.66819672813,-2.66819672813,-0.0,(0.0148333333333+0j),
1,3,2.66819672813,-2.66819672813,-0.0,(0.0148333333333+0j),
6,8,-2.66819672813,2.66819672813,0.0,(0.0148333333333+0j),
1,3,-2.66819672813,2.66819672813,0.0,(-0.0148333333333+0j),
6,8,2.66819672813,-2.66819672813,-0.0,(-0.0148333333333+0j),
2,2,0.0,0.0,0.0,(0.00333333333333+0j),
7,7,-0.0,-0.0,-0.0,(0.00333333333333+0j),
2,2,2.66819672813,2.66819672813,0.0,(0.0386666666667+0j),
7,7,-2.66819672813,-2.66819672813,-0.0,(0.0386666666667+0j),
2,2,-2.66819672813,-2.66819672813,-0.0,(0.0386666666667+0j),
7,7,2.66819672813,2.66819672813,0.0,(0.0386666666667+0j),
2,2,-2.66819672813,2.66819672813,0.0,(0.0386666666667+0j),
7,7,2.66819672813,-2.66819672813,-0.0,(0.0386666666667+0j),
2,2,2.66819672813,-2.66819672813,-0.0,(0.0386666666667+0j),
7,7,-2.66819672813,2.66819672813,0.0,(0.0386666666667+0j),
2,2,5.33639345626,0.0,0.0,(0.0015+0j),
7,7,-5.33639345626,-0.0,-0.0,(0.0015+0j),
2,2,-5.33639345626,-0.0,-0.0,(0.0015+0j),
7,7,5.33639345626,0.0,0.0,(0.0015+0j),
2,2,0.0,5.33639345626,0.0,(-0.0075+0j),
7,7,-0.0,-5.33639345626,-0.0,(-0.0075+0j),
2,2,-0.0,-5.33639345626,-0.0,(-0.0075+0j),
7,7,0.0,5.33639345626,0.0,(-0.0075+0j),
2,2,5.33639345626,5.33639345626,0.0,(0.0045+0j),
7,7,-5.33639345626,-5.33639345626,-0.0,(0.0045+0j),
2,2,-5.33639345626,5.33639345626,0.0,(0.0045+0j),
7,7,5.33639345626,-5.33639345626,-0.0,(0.0045+0j),
2,2,5.33639345626,-5.33639345626,0.0,(0.0045+0j),
7,7,-5.33639345626,5.33639345626,-0.0,(0.0045+0j),
2,2,-5.33639345626,-5.33639345626,-0.0,(0.0045+0j),
7,7,5.33639345626,5.33639345626,0.0,(0.0045+0j),
2,3,2.66819672813,2.66819672813,0.0,(-0.0165+0j),
7,8,-2.66819672813,-2.66819672813,-0.0,(-0.0165+0j),
2,3,-2.66819672813,-2.66819672813,-0.0,(-0.0165+0j),
7,8,2.66819672813,2.66819672813,0.0,(-0.0165+0j),
2,3,-2.66819672813,2.66819672813,0.0,(0.0165+0j),
7,8,2.66819672813,-2.66819672813,-0.0,(0.0165+0j),
2,3,2.66819672813,-2.66819672813,-0.0,(0.0165+0j),
7,8,-2.66819672813,2.66819672813,0.0,(0.0165+0j),
2,4,-2.66819672813,-2.66819672813,-0.0,(0.0243333333333+0j),
7,9,2.66819672813,2.66819672813,0.0,(0.0243333333333+0j),
2,4,2.66819672813,2.66819672813,0.0,(-0.0243333333333+0j),
7,9,-2.66819672813,-2.66819672813,-0.0,(-0.0243333333333+0j),
2,4,2.66819672813,-2.66819672813,-0.0,(0.0243333333333+0j),
7,9,-2.66819672813,2.66819672813,0.0,(0.0243333333333+0j),
2,4,-2.66819672813,2.66819672813,0.0,(-0.0243333333333+0j),
7,9,2.66819672813,-2.66819672813,-0.0,(-0.0243333333333+0j),
3,3,0.0,0.0,0.0,(0.00333333333333+0j),
8,8,-0.0,-0.0,-0.0,(0.00333333333333+0j),
3,3,2.66819672813,2.66819672813,0.0,(0.0386666666667+0j),
8,8,-2.66819672813,-2.66819672813,-0.0,(0.0386666666667+0j),
3,3,-2.66819672813,-2.66819672813,-0.0,(0.0386666666667+0j),
8,8,2.66819672813,2.66819672813,0.0,(0.0386666666667+0j),
3,3,-2.66819672813,2.66819672813,0.0,(0.0386666666667+0j),
8,8,2.66819672813,-2.66819672813,-0.0,(0.0386666666667+0j),
3,3,2.66819672813,-2.66819672813,-0.0,(0.0386666666667+0j),
8,8,-2.66819672813,2.66819672813,0.0,(0.0386666666667+0j),
3,3,5.33639345626,0.0,0.0,(-0.0075+0j),
8,8,-5.33639345626,-0.0,-0.0,(-0.0075+0j),
3,3,-5.33639345626,-0.0,-0.0,(-0.0075+0j),
8,8,5.33639345626,0.0,0.0,(-0.0075+0j),
3,3,0.0,5.33639345626,0.0,(0.0015+0j),
8,8,-0.0,-5.33639345626,-0.0,(0.0015+0j),
3,3,-0.0,-5.33639345626,-0.0,(0.0015+0j),
8,8,0.0,5.33639345626,0.0,(0.0015+0j),
3,3,5.33639345626,5.33639345626,0.0,(0.0045+0j),
8,8,-5.33639345626,-5.33639345626,-0.0,(0.0045+0j),
3,3,-5.33639345626,5.33639345626,0.0,(0.0045+0j),
8,8,5.33639345626,-5.33639345626,-0.0,(0.0045+0j),
3,3,5.33639345626,-5.33639345626,0.0,(0.0045+0j),
8,8,-5.33639345626,5.33639345626,-0.0,(0.0045+0j),
3,3,-5.33639345626,-5.33639345626,-0.0,(0.0045+0j),
8,8,5.33639345626,5.33639345626,0.0,(0.0045+0j),
3,4,-2.66819672813,-2.66819672813,-0.0,(-0.0243333333333+0j),
8,9,2.66819672813,2.66819672813,0.0,(-0.0243333333333+0j),
3,4,2.66819672813,2.66819672813,0.0,(0.0243333333333+0j),
8,9,-2.66819672813,-2.66819672813,-0.0,(0.0243333333333+0j),
3,4,2.66819672813,-2.66819672813,-0.0,(0.0243333333333+0j),
8,9,-2.66819672813,2.66819672813,0.0,(0.0243333333333+0j),
3,4,-2.66819672813,2.66819672813,0.0,(-0.0243333333333+0j),
8,9,2.66819672813,-2.66819672813,-0.0,(-0.0243333333333+0j),
4,4,0.0,0.0,0.0,(-0.0845633333333+0j),
9,9,-0.0,-0.0,-0.0,(-0.0845633333333+0j),
0,5,2.66819672813,0.0,0.0,(-0.0316+0j),
0,5,-2.66819672813,-0.0,-0.0,(-0.0316+0j),
0,5,0.0,2.66819672813,0.0,(-0.0316+0j),
0,5,-0.0,-2.66819672813,-0.0,(-0.0316+0j),
0,5,5.33639345626,2.66819672813,0.0,(0.00283333333333+0j),
0,5,0.0,-2.66819672813,0.0,(0.00283333333333+0j),
0,5,0.0,2.66819672813,0.0,(0.00283333333333+0j),
0,5,-5.33639345626,-2.66819672813,-0.0,(0.00283333333333+0j),
0,5,2.66819672813,5.33639345626,0.0,(0.00283333333333+0j),
0,5,-2.66819672813,0.0,0.0,(0.00283333333333+0j),
0,5,2.66819672813,0.0,0.0,(0.00283333333333+0j),
0,5,-2.66819672813,-5.33639345626,-0.0,(0.00283333333333+0j),
0,5,5.33639345626,-2.66819672813,0.0,(0.00283333333333+0j),
0,5,-5.33639345626,2.66819672813,0.0,(0.00283333333333+0j),
0,5,-2.66819672813,5.33639345626,0.0,(0.00283333333333+0j),
0,5,2.66819672813,-5.33639345626,-0.0,(0.00283333333333+0j),
0,5,0.0,-2.66819672813,0.0,(-0.00283333333333+0j),
0,5,0.0,2.66819672813,0.0,(-0.00283333333333+0j),
0,5,-2.66819672813,0.0,0.0,(-0.00283333333333+0j),
0,5,2.66819672813,0.0,0.0,(-0.00283333333333+0j),
0,7,-2.66819672813,-0.0,-0.0,(0.127033333333+0j),
2,5,-2.66819672813,-0.0,-0.0,(0.127033333333+0j),
0,7,2.66819672813,0.0,0.0,(-0.127033333333+0j),
2,5,2.66819672813,0.0,0.0,(-0.127033333333+0j),
0,8,-0.0,-2.66819672813,-0.0,(-0.127033333333+0j),
3,5,-0.0,-2.66819672813,-0.0,(-0.127033333333+0j),
0,8,0.0,2.66819672813,0.0,(0.127033333333+0j),
3,5,0.0,2.66819672813,0.0,(0.127033333333+0j),
1,6,2.66819672813,0.0,0.0,(-0.0457866666667+0j),
1,6,-2.66819672813,-0.0,-0.0,(-0.0457866666667+0j),
1,6,0.0,2.66819672813,0.0,(-0.0457866666667+0j),
1,6,-0.0,-2.66819672813,-0.0,(-0.0457866666667+0j),
1,7,-0.0,-2.66819672813,-0.0,(0.0947866666667+0j),
2,6,-0.0,-2.66819672813,-0.0,(0.0947866666667+0j),
1,7,0.0,2.66819672813,0.0,(-0.0947866666667+0j),
2,6,0.0,2.66819672813,0.0,(-0.0947866666667+0j),
1,8,-2.66819672813,-0.0,-0.0,(0.0947866666667+0j),
3,6,-2.66819672813,-0.0,-0.0,(0.0947866666667+0j),
1,8,2.66819672813,0.0,0.0,(-0.0947866666667+0j),
3,6,2.66819672813,0.0,0.0,(-0.0947866666667+0j),
1,9,2.66819672813,0.0,0.0,(0.0375633333333+0j),
4,6,2.66819672813,0.0,0.0,(0.0375633333333+0j),
1,9,-2.66819672813,-0.0,-0.0,(0.0375633333333+0j),
4,6,-2.66819672813,-0.0,-0.0,(0.0375633333333+0j),
1,9,0.0,2.66819672813,0.0,(-0.0375633333333+0j),
4,6,0.0,2.66819672813,0.0,(-0.0375633333333+0j),
1,9,-0.0,-2.66819672813,-0.0,(-0.0375633333333+0j),
4,6,-0.0,-2.66819672813,-0.0,(-0.0375633333333+0j),
2,7,2.66819672813,0.0,0.0,(-0.0167633333333+0j),
2,7,-2.66819672813,-0.0,-0.0,(-0.0167633333333+0j),
2,7,0.0,2.66819672813,0.0,(-0.0640333333333+0j),
2,7,-0.0,-2.66819672813,-0.0,(-0.0640333333333+0j),
2,7,5.33639345626,2.66819672813,0.0,(-0.00266666666667+0j),
2,7,0.0,-2.66819672813,0.0,(-0.00266666666667+0j),
2,7,0.0,2.66819672813,0.0,(-0.00266666666667+0j),
2,7,-5.33639345626,-2.66819672813,-0.0,(-0.00266666666667+0j),
2,7,5.33639345626,-2.66819672813,0.0,(-0.00266666666667+0j),
2,7,-5.33639345626,2.66819672813,0.0,(-0.00266666666667+0j),
2,7,0.0,-2.66819672813,0.0,(0.00266666666667+0j),
2,7,0.0,2.66819672813,0.0,(0.00266666666667+0j),
2,7,2.66819672813,5.33639345626,0.0,(0.00316666666667+0j),
2,7,-2.66819672813,0.0,0.0,(0.00316666666667+0j),
2,7,2.66819672813,0.0,0.0,(0.00316666666667+0j),
2,7,-2.66819672813,-5.33639345626,-0.0,(0.00316666666667+0j),
2,7,-2.66819672813,5.33639345626,0.0,(0.00316666666667+0j),
2,7,2.66819672813,-5.33639345626,-0.0,(0.00316666666667+0j),
2,7,-2.66819672813,0.0,0.0,(-0.00316666666667+0j),
2,7,2.66819672813,0.0,0.0,(-0.00316666666667+0j),
2,9,-0.0,-2.66819672813,-0.0,(0.03+0j),
4,7,-0.0,-2.66819672813,-0.0,(0.03+0j),
2,9,0.0,2.66819672813,0.0,(-0.03+0j),
4,7,0.0,2.66819672813,0.0,(-0.03+0j),
3,8,2.66819672813,0.0,0.0,(-0.0640333333333+0j),
3,8,-2.66819672813,-0.0,-0.0,(-0.0640333333333+0j),
3,8,0.0,2.66819672813,0.0,(-0.0167633333333+0j),
3,8,-0.0,-2.66819672813,-0.0,(-0.0167633333333+0j),
3,8,5.33639345626,2.66819672813,0.0,(0.00316666666667+0j),
3,8,0.0,-2.66819672813,0.0,(0.00316666666667+0j),
3,8,0.0,2.66819672813,0.0,(0.00316666666667+0j),
3,8,-5.33639345626,-2.66819672813,-0.0,(0.00316666666667+0j),
3,8,5.33639345626,-2.66819672813,0.0,(0.00316666666667+0j),
3,8,-5.33639345626,2.66819672813,0.0,(0.00316666666667+0j),
3,8,0.0,-2.66819672813,0.0,(-0.00316666666667+0j),
3,8,0.0,2.66819672813,0.0,(-0.00316666666667+0j),
3,8,2.66819672813,5.33639345626,0.0,(-0.00266666666667+0j),
3,8,-2.66819672813,0.0,0.0,(-0.00266666666667+0j),
3,8,2.66819672813,0.0,0.0,(-0.00266666666667+0j),
3,8,-2.66819672813,-5.33639345626,-0.0,(-0.00266666666667+0j),
3,8,-2.66819672813,5.33639345626,0.0,(-0.00266666666667+0j),
3,8,2.66819672813,-5.33639345626,-0.0,(-0.00266666666667+0j),
3,8,-2.66819672813,0.0,0.0,(0.00266666666667+0j),
3,8,2.66819672813,0.0,0.0,(0.00266666666667+0j),
3,9,-2.66819672813,-0.0,-0.0,(-0.03+0j),
4,8,-2.66819672813,-0.0,-0.0,(-0.03+0j),
3,9,2.66819672813,0.0,0.0,(0.03+0j),
4,8,2.66819672813,0.0,0.0,(0.03+0j),
