0,0,0.0,0.0,0.0,(0.017333333333333333+0j),
5,5,-0.0,-0.0,-0.0,(0.017333333333333333+0j),
0,0,2.668196728129318,2.668196728129318,0.0,(0.014333333333333332+0j),
5,5,-2.668196728129318,-2.668196728129318,-0.0,(0.014333333333333332+0j),
0,0,-2.668196728129318,-2.668196728129318,-0.0,(0.014333333333333332+0j),
5,5,2.668196728129318,2.668196728129318,0.0,(0.014333333333333332+0j),
0,0,-2.668196728129318,2.668196728129318,0.0,(0.014333333333333332+0j),
5,5,2.668196728129318,-2.668196728129318,-0.0,(0.014333333333333332+0j),
0,0,2.668196728129318,-2.668196728129318,-0.0,(0.014333333333333332+0j),
5,5,-2.668196728129318,2.668196728129318,0.0,(0.014333333333333332+0j),
0,0,5.336393456258636,0.0,0.0,(-0.001866666666666667+0j),
5,5,-5.336393456258636,-0.0,-0.0,(-0.001866666666666667+0j),
0,0,-5.336393456258636,-0.0,-0.0,(-0.001866666666666667+0j),
5,5,5.336393456258636,0.0,0.0,(-0.001866666666666667+0j),
0,0,0.0,5.336393456258636,0.0,(-0.001866666666666667+0j),
5,5,-0.0,-5.336393456258636,-0.0,(-0.001866666666666667+0j),
0,0,-0.0,-5.336393456258636,-0.0,(-0.001866666666666667+0j),
5,5,0.0,5.336393456258636,0.0,(-0.001866666666666667+0j),
0,2,-2.668196728129318,-2.668196728129318,-0.0,(0.009333333333333334+0j),
5,7,2.668196728129318,2.668196728129318,0.0,(0.009333333333333334+0j),
0,2,2.668196728129318,2.668196728129318,0.0,(-0.009333333333333334+0j),
5,7,-2.668196728129318,-2.668196728129318,-0.0,(-0.009333333333333334+0j),
0,2,2.668196728129318,-2.668196728129318,-0.0,(-0.009333333333333334+0j),
5,7,-2.668196728129318,2.668196728129318,0.0,(-0.009333333333333334+0j),
0,2,-2.668196728129318,2.668196728129318,0.0,(0.009333333333333334+0j),
5,7,2.668196728129318,-2.668196728129318,-0.0,(0.009333333333333334+0j),
0,3,-2.668196728129318,-2.668196728129318,-0.0,(-0.009333333333333334+0j),
5,8,2.668196728129318,2.668196728129318,0.0,(-0.009333333333333334+0j),
0,3,2.668196728129318,2.668196728129318,0.0,(0.009333333333333334+0j),
5,8,-2.668196728129318,-2.668196728129318,-0.0,(0.009333333333333334+0j),
0,3,2.668196728129318,-2.668196728129318,-0.0,(-0.009333333333333334+0j),
5,8,-2.668196728129318,2.668196728129318,0.0,(-0.009333333333333334+0j),
0,3,-2.668196728129318,2.668196728129318,0.0,(0.009333333333333334+0j),
5,8,2.668196728129318,-2.668196728129318,-0.0,(0.009333333333333334+0j),
0,4,2.668196728129318,2.668196728129318,0.0,(-0.018166666666666668+0j),
5,9,-2.668196728129318,-2.668196728129318,-0.0,(-0.018166666666666668+0j),
0,4,-2.668196728129318,-2.668196728129318,-0.0,(-0.018166666666666668+0j),
5,9,2.668196728129318,2.668196728129318,0.0,(-0.018166666666666668+0j),
0,4,-2.668196728129318,2.668196728129318,0.0,(0.018166666666666668+0j),
5,9,2.668196728129318,-2.668196728129318,-0.0,(0.018166666666666668+0j),
0,4,2.668196728129318,-2.668196728129318,-0.0,(0.018166666666666668+0j),
5,9,-2.668196728129318,2.668196728129318,0.0,(0.018166666666666668+0j),
1,1,0.0,0.0,0.0,(-0.07989333333333333+0j),
6,6,-0.0,-0.0,-0.0,(-0.07989333333333333+0j),
1,1,2.668196728129318,2.668196728129318,0.0,(-0.007340000000000001+0j),
6,6,-2.668196728129318,-2.668196728129318,-0.0,(-0.007340000000000001+0j),
1,1,-2.668196728129318,-2.668196728129318,-0.0,(-0.007340000000000001+0j),
6,6,2.668196728129318,2.668196728129318,0.0,(-0.007340000000000001+0j),
1,1,-2.668196728129318,2.668196728129318,0.0,(-0.007340000000000001+0j),
6,6,2.668196728129318,-2.668196728129318,-0.0,(-0.007340000000000001+0j),
1,1,2.668196728129318,-2.668196728129318,-0.0,(-0.007340000000000001+0j),
6,6,-2.668196728129318,2.668196728129318,0.0,(-0.007340000000000001+0j),
1,2,-2.668196728129318,-2.668196728129318,-0.0,(-0.014833333333333332+0j),
6,7,2.668196728129318,2.668196728129318,0.0,(-0.014833333333333332+0j),
1,2,2.668196728129318,2.668196728129318,0.0,(0.014833333333333332+0j),
6,7,-2.668196728129318,-2.668196728129318,-0.0,(0.014833333333333332+0j),
1,2,2.668196728129318,-2.668196728129318,-0.0,(-0.014833333333333332+0j),
6,7,-2.668196728129318,2.668196728129318,0.0,(-0.014833333333333332+0j),
1,2,-2.668196728129318,2.668196728129318,0.0,(0.014833333333333332+0j),
6,7,2.668196728129318,-2.668196728129318,-0.0,(0.014833333333333332+0j),
1,3,-2.668196728129318,-2.668196728129318,-0.0,(-0.014833333333333332+0j),
6,8,2.668196728129318,2.668196728129318,0.0,(-0.014833333333333332+0j),
1,3,2.668196728129318,2.668196728129318,0.0,(0.014833333333333332+0j),
6,8,-2.668196728129318,-2.668196728129318,-0.0,(0.014833333333333332+0j),
1,3,2.668196728129318,-2.668196728129318,-0.0,(0.014833333333333332+0j),
6,8,-2.668196728129318,2.668196728129318,0.0,(0.014833333333333332+0j),
1,3,-2.668196728129318,2.668196728129318,0.0,(-0.014833333333333332+0j),
6,8,2.668196728129318,-2.668196728129318,-0.0,(-0.014833333333333332+0j),
2,2,0.0,0.0,0.0,(0.0033333333333333335+0j),
7,7,-0.0,-0.0,-0.0,(0.0033333333333333335+0j),
2,2,2.668196728129318,2.668196728129318,0.0,(0.03866666666666667+0j),
7,7,-2.668196728129318,-2.668196728129318,-0.0,(0.03866666666666667+0j),
2,2,-2.668196728129318,-2.668196728129318,-0.0,(0.03866666666666667+0j),
7,7,2.668196728129318,2.668196728129318,0.0,(0.03866666666666667+0j),
2,2,-2.668196728129318,2.668196728129318,0.0,(0.03866666666666667+0j),
7,7,2.668196728129318,-2.668196728129318,-0.0,(0.03866666666666667+0j),
2,2,2.668196728129318,-2.668196728129318,-0.0,(0.03866666666666667+0j),
7,7,-2.668196728129318,2.668196728129318,0.0,(0.03866666666666667+0j),
2,2,5.336393456258636,0.0,0.0,(0.0014999999999999998+0j),
7,7,-5.336393456258636,-0.0,-0.0,(0.0014999999999999998+0j),
2,2,-5.336393456258636,-0.0,-0.0,(0.0014999999999999998+0j),
7,7,5.336393456258636,0.0,0.0,(0.0014999999999999998+0j),
2,2,0.0,5.336393456258636,0.0,(-0.0075+0j),
7,7,-0.0,-5.336393456258636,-0.0,(-0.0075+0j),
2,2,-0.0,-5.336393456258636,-0.0,(-0.0075+0j),
7,7,0.0,5.336393456258636,0.0,(-0.0075+0j),
2,2,5.336393456258636,5.336393456258636,0.0,(0.0045+0j),
7,7,-5.336393456258636,-5.336393456258636,-0.0,(0.0045+0j),
2,2,-5.336393456258636,5.336393456258636,0.0,(0.0045+0j),
7,7,5.336393456258636,-5.336393456258636,-0.0,(0.0045+0j),
2,2,5.336393456258636,-5.336393456258636,0.0,(0.0045+0j),
7,7,-5.336393456258636,5.336393456258636,-0.0,(0.0045+0j),
2,2,-5.336393456258636,-5.336393456258636,-0.0,(0.0045+0j),
7,7,5.336393456258636,5.336393456258636,0.0,(0.0045+0j),
2,3,2.668196728129318,2.668196728129318,0.0,(-0.0165+0j),
7,8,-2.668196728129318,-2.668196728129318,-0.0,(-0.0165+0j),
2,3,-2.668196728129318,-2.668196728129318,-0.0,(-0.0165+0j),
7,8,2.668196728129318,2.668196728129318,0.0,(-0.0165+0j),
2,3,-2.668196728129318,2.668196728129318,0.0,(0.0165+0j),
7,8,2.668196728129318,-2.668196728129318,-0.0,(0.0165+0j),
2,3,2.668196728129318,-2.668196728129318,-0.0,(0.0165+0j),
7,8,-2.668196728129318,2.668196728129318,0.0,(0.0165+0j),
2,4,-2.668196728129318,-2.668196728129318,-0.0,(0.024333333333333332+0j),
7,9,2.668196728129318,2.668196728129318,0.0,(0.024333333333333332+0j),
2,4,2.668196728129318,2.668196728129318,0.0,(-0.024333333333333332+0j),
7,9,-2.668196728129318,-2.668196728129318,-0.0,(-0.024333333333333332+0j),
2,4,2.668196728129318,-2.668196728129318,-0.0,(0.024333333333333332+0j),
7,9,-2.668196728129318,2.668196728129318,0.0,(0.024333333333333332+0j),
2,4,-2.668196728129318,2.668196728129318,0.0,(-0.024333333333333332+0j),
7,9,2.668196728129318,-2.668196728129318,-0.0,(-0.024333333333333332+0j),
3,3,0.0,0.0,0.0,(0.0033333333333333335+0j),
8,8,-0.0,-0.0,-0.0,(0.0033333333333333335+0j),
3,3,2.668196728129318,2.668196728129318,0.0,(0.03866666666666667+0j),
8,8,-2.668196728129318,-2.668196728129318,-0.0,(0.03866666666666667+0j),
3,3,-2.668196728129318,-2.668196728129318,-0.0,(0.03866666666666667+0j),
8,8,2.668196728129318,2.668196728129318,0.0,(0.03866666666666667+0j),
3,3,-2.668196728129318,2.668196728129318,0.0,(0.03866666666666667+0j),
8,8,2.668196728129318,-2.668196728129318,-0.0,(0.03866666666666667+0j),
3,3,2.668196728129318,-2.668196728129318,-0.0,(0.03866666666666667+0j),
8,8,-2.668196728129318,2.668196728129318,0.0,(0.03866666666666667+0j),
3,3,5.336393456258636,0.0,0.0,(-0.0075+0j),
8,8,-5.336393456258636,-0.0,-0.0,(-0.0075+0j),
3,3,-5.336393456258636,-0.0,-0.0,(-0.0075+0j),
8,8,5.336393456258636,0.0,0.0,(-0.0075+0j),
3,3,0.0,5.336393456258636,0.0,(0.0014999999999999998+0j),
8,8,-0.0,-5.336393456258636,-0.0,(0.0014999999999999998+0j),
3,3,-0.0,-5.336393456258636,-0.0,(0.0014999999999999998+0j),
8,8,0.0,5.336393456258636,0.0,(0.0014999999999999998+0j),
3,3,5.336393456258636,5.336393456258636,0.0,(0.0045+0j),
8,8,-5.336393456258636,-5.336393456258636,-0.0,(0.0045+0j),
3,3,-5.336393456258636,5.336393456258636,0.0,(0.0045+0j),
8,8,5.336393456258636,-5.336393456258636,-0.0,(0.0045+0j),
3,3,5.336393456258636,-5.336393456258636,0.0,(0.0045+0j),
8,8,-5.336393456258636,5.336393456258636,-0.0,(0.0045+0j),
3,3,-5.336393456258636,-5.336393456258636,-0.0,(0.0045+0j),
8,8,5.336393456258636,5.336393456258636,0.0,(0.0045+0j),
3,4,-2.668196728129318,-2.668196728129318,-0.0,(-0.024333333333333332+0j),
8,9,2.668196728129318,2.668196728129318,0.0,(-0.024333333333333332+0j),
3,4,2.668196728129318,2.668196728129318,0.0,(0.024333333333333332+0j),
8,9,-2.668196728129318,-2.668196728129318,-0.0,(0.024333333333333332+0j),
3,4,2.668196728129318,-2.668196728129318,-0.0,(0.024333333333333332+0j),
8,9,-2.668196728129318,2.668196728129318,0.0,(0.024333333333333332+0j),
3,4,-2.668196728129318,2.668196728129318,0.0,(-0.024333333333333332+0j),
8,9,2.668196728129318,-2.668196728129318,-0.0,(-0.024333333333333332+0j),
4,4,0.0,0.0,0.0,(-0.08456333333333334+0j),
9,9,-0.0,-0.0,-0.0,(-0.08456333333333334+0j),
0,5,2.668196728129318,0.0,0.0,(-0.0316+0j),
0,5,-2.668196728129318,-0.0,-0.0,(-0.0316+0j),
0,5,0.0,2.668196728129318,0.0,(-0.0316+0j),
0,5,-0.0,-2.668196728129318,-0.0,(-0.0316+0j),
0,5,5.336393456258636,2.668196728129318,0.0,(0.0028333333333333335+0j),
0,5,0.0,-2.668196728129318,0.0,(0.0028333333333333335+0j),
0,5,0.0,2.668196728129318,0.0,(0.0028333333333333335+0j),
0,5,-5.336393456258636,-2.668196728129318,-0.0,(0.0028333333333333335+0j),
0,5,2.668196728129318,5.336393456258636,0.0,(0.0028333333333333335+0j),
0,5,-2.668196728129318,0.0,0.0,(0.0028333333333333335+0j),
0,5,2.668196728129318,0.0,0.0,(0.0028333333333333335+0j),
0,5,-2.668196728129318,-5.336393456258636,-0.0,(0.0028333333333333335+0j),
0,5,5.336393456258636,-2.668196728129318,0.0,(0.0028333333333333335+0j),
0,5,-5.336393456258636,2.668196728129318,0.0,(0.0028333333333333335+0j),
0,5,-2.668196728129318,5.336393456258636,0.0,(0.0028333333333333335+0j),
0,5,2.668196728129318,-5.336393456258636,-0.0,(0.0028333333333333335+0j),
0,5,0.0,-2.668196728129318,0.0,(-0.0028333333333333335+0j),
0,5,0.0,2.668196728129318,0.0,(-0.0028333333333333335+0j),
0,5,-2.668196728129318,0.0,0.0,(-0.0028333333333333335+0j),
0,5,2.668196728129318,0.0,0.0,(-0.0028333333333333335+0j),
0,7,-2.668196728129318,-0.0,-0.0,(0.12703333333333333+0j),
2,5,-2.668196728129318,-0.0,-0.0,(0.12703333333333333+0j),
0,7,2.668196728129318,0.0,0.0,(-0.12703333333333333+0j),
2,5,2.668196728129318,0.0,0.0,(-0.12703333333333333+0j),
0,8,-0.0,-2.668196728129318,-0.0,(-0.12703333333333333+0j),
3,5,-0.0,-2.668196728129318,-0.0,(-0.12703333333333333+0j),
0,8,0.0,2.668196728129318,0.0,(0.12703333333333333+0j),
3,5,0.0,2.668196728129318,0.0,(0.12703333333333333+0j),
1,6,2.668196728129318,0.0,0.0,(-0.04578666666666667+0j),
1,6,-2.668196728129318,-0.0,-0.0,(-0.04578666666666667+0j),
1,6,0.0,2.668196728129318,0.0,(-0.04578666666666667+0j),
1,6,-0.0,-2.668196728129318,-0.0,(-0.04578666666666667+0j),
1,7,-0.0,-2.668196728129318,-0.0,(0.09478666666666666+0j),
2,6,-0.0,-2.668196728129318,-0.0,(0.09478666666666666+0j),
1,7,0.0,2.668196728129318,0.0,(-0.09478666666666666+0j),
2,6,0.0,2.668196728129318,0.0,(-0.09478666666666666+0j),
1,8,-2.668196728129318,-0.0,-0.0,(0.09478666666666666+0j),
3,6,-2.668196728129318,-0.0,-0.0,(0.09478666666666666+0j),
1,8,2.668196728129318,0.0,0.0,(-0.09478666666666666+0j),
3,6,2.668196728129318,0.0,0.0,(-0.09478666666666666+0j),
1,9,2.668196728129318,0.0,0.0,(0.03756333333333334+0j),
4,6,2.668196728129318,0.0,0.0,(0.03756333333333334+0j),
1,9,-2.668196728129318,-0.0,-0.0,(0.03756333333333334+0j),
4,6,-2.668196728129318,-0.0,-0.0,(0.03756333333333334+0j),
1,9,0.0,2.668196728129318,0.0,(-0.03756333333333334+0j),
4,6,0.0,2.668196728129318,0.0,(-0.03756333333333334+0j),
1,9,-0.0,-2.668196728129318,-0.0,(-0.03756333333333334+0j),
4,6,-0.0,-2.668196728129318,-0.0,(-0.03756333333333334+0j),
2,7,2.668196728129318,0.0,0.0,(-0.016763333333333335+0j),
2,7,-2.668196728129318,-0.0,-0.0,(-0.016763333333333335+0j),
2,7,0.0,2.668196728129318,0.0,(-0.06403333333333333+0j),
2,7,-0.0,-2.668196728129318,-0.0,(-0.06403333333333333+0j),
2,7,5.336393456258636,2.668196728129318,0.0,(-0.0026666666666666666+0j),
2,7,0.0,-2.668196728129318,0.0,(-0.0026666666666666666+0j),
2,7,0.0,2.668196728129318,0.0,(-0.0026666666666666666+0j),
2,7,-5.336393456258636,-2.668196728129318,-0.0,(-0.0026666666666666666+0j),
2,7,5.336393456258636,-2.668196728129318,0.0,(-0.0026666666666666666+0j),
2,7,-5.336393456258636,2.668196728129318,0.0,(-0.0026666666666666666+0j),
2,7,0.0,-2.668196728129318,0.0,(0.0026666666666666666+0j),
2,7,0.0,2.668196728129318,0.0,(0.0026666666666666666+0j),
2,7,2.668196728129318,5.336393456258636,0.0,(0.0031666666666666666+0j),
2,7,-2.668196728129318,0.0,0.0,(0.0031666666666666666+0j),
2,7,2.668196728129318,0.0,0.0,(0.0031666666666666666+0j),
2,7,-2.668196728129318,-5.336393456258636,-0.0,(0.0031666666666666666+0j),
2,7,-2.668196728129318,5.336393456258636,0.0,(0.0031666666666666666+0j),
2,7,2.668196728129318,-5.336393456258636,-0.0,(0.0031666666666666666+0j),
2,7,-2.668196728129318,0.0,0.0,(-0.0031666666666666666+0j),
2,7,2.668196728129318,0.0,0.0,(-0.0031666666666666666+0j),
2,9,-0.0,-2.668196728129318,-0.0,(0.03+0j),
4,7,-0.0,-2.668196728129318,-0.0,(0.03+0j),
2,9,0.0,2.668196728129318,0.0,(-0.03+0j),
4,7,0.0,2.668196728129318,0.0,(-0.03+0j),
3,8,2.668196728129318,0.0,0.0,(-0.06403333333333333+0j),
3,8,-2.668196728129318,-0.0,-0.0,(-0.06403333333333333+0j),
3,8,0.0,2.668196728129318,0.0,(-0.016763333333333335+0j),
3,8,-0.0,-2.668196728129318,-0.0,(-0.016763333333333335+0j),
3,8,5.336393456258636,2.668196728129318,0.0,(0.0031666666666666666+0j),
3,8,0.0,-2.668196728129318,0.0,(0.0031666666666666666+0j),
3,8,0.0,2.668196728129318,0.0,(0.0031666666666666666+0j),
3,8,-5.336393456258636,-2.668196728129318,-0.0,(0.0031666666666666666+0j),
3,8,5.336393456258636,-2.668196728129318,0.0,(0.0031666666666666666+0j),
3,8,-5.336393456258636,2.668196728129318,0.0,(0.0031666666666666666+0j),
3,8,0.0,-2.668196728129318,0.0,(-0.0031666666666666666+0j),
3,8,0.0,2.668196728129318,0.0,(-0.0031666666666666666+0j),
3,8,2.668196728129318,5.336393456258636,0.0,(-0.0026666666666666666+0j),
3,8,-2.668196728129318,0.0,0.0,(-0.0026666666666666666+0j),
3,8,2.668196728129318,0.0,0.0,(-0.0026666666666666666+0j),
3,8,-2.668196728129318,-5.336393456258636,-0.0,(-0.0026666666666666666+0j),
3,8,-2.668196728129318,5.336393456258636,0.0,(-0.0026666666666666666+0j),
3,8,2.668196728129318,-5.336393456258636,-0.0,(-0.0026666666666666666+0j),
3,8,-2.668196728129318,0.0,0.0,(0.0026666666666666666+0j),
3,8,2.668196728129318,0.0,0.0,(0.0026666666666666666+0j),
3,9,-2.668196728129318,-0.0,-0.0,(-0.03+0j),
4,8,-2.668196728129318,-0.0,-0.0,(-0.03+0j),
3,9,2.668196728129318,0.0,0.0,(0.03+0j),
4,8,2.668196728129318,0.0,0.0,(0.03+0j),
0,0,5.336393456258636,0.0,5.5258,(8.33333333333337e-05+0j),
5,5,-5.336393456258636,-0.0,-5.5258,(8.33333333333337e-05+0j),
0,0,-5.336393456258636,0.0,5.5258,(8.33333333333337e-05+0j),
5,5,5.336393456258636,-0.0,-5.5258,(8.33333333333337e-05+0j),
0,0,5.336393456258636,0.0,-5.5258,(8.33333333333337e-05+0j),
5,5,-5.336393456258636,-0.0,5.5258,(8.33333333333337e-05+0j),
0,0,-5.336393456258636,-0.0,-5.5258,(8.33333333333337e-05+0j),
5,5,5.336393456258636,0.0,5.5258,(8.33333333333337e-05+0j),
0,0,0.0,5.336393456258636,5.5258,(8.33333333333337e-05+0j),
5,5,-0.0,-5.336393456258636,-5.5258,(8.33333333333337e-05+0j),
0,0,0.0,-5.336393456258636,5.5258,(8.33333333333337e-05+0j),
5,5,-0.0,5.336393456258636,-5.5258,(8.33333333333337e-05+0j),
0,0,0.0,5.336393456258636,-5.5258,(8.33333333333337e-05+0j),
5,5,-0.0,-5.336393456258636,5.5258,(8.33333333333337e-05+0j),
0,0,-0.0,-5.336393456258636,-5.5258,(8.33333333333337e-05+0j),
5,5,0.0,5.336393456258636,5.5258,(8.33333333333337e-05+0j),
0,2,0.0,-5.336393456258636,5.5258,(-0.004999999999999999+0j),
5,7,-0.0,5.336393456258636,-5.5258,(-0.004999999999999999+0j),
0,2,0.0,5.336393456258636,5.5258,(0.004999999999999999+0j),
5,7,-0.0,-5.336393456258636,-5.5258,(0.004999999999999999+0j),
0,2,-0.0,-5.336393456258636,-5.5258,(0.004999999999999999+0j),
5,7,0.0,5.336393456258636,5.5258,(0.004999999999999999+0j),
0,2,0.0,5.336393456258636,-5.5258,(-0.004999999999999999+0j),
5,7,-0.0,-5.336393456258636,5.5258,(-0.004999999999999999+0j),
0,3,-5.336393456258636,0.0,5.5258,(0.004999999999999999+0j),
5,8,5.336393456258636,-0.0,-5.5258,(0.004999999999999999+0j),
0,3,5.336393456258636,0.0,5.5258,(-0.004999999999999999+0j),
5,8,-5.336393456258636,-0.0,-5.5258,(-0.004999999999999999+0j),
0,3,-5.336393456258636,-0.0,-5.5258,(-0.004999999999999999+0j),
5,8,5.336393456258636,0.0,5.5258,(-0.004999999999999999+0j),
0,3,5.336393456258636,0.0,-5.5258,(0.004999999999999999+0j),
5,8,-5.336393456258636,-0.0,5.5258,(0.004999999999999999+0j),
2,2,0.0,0.0,5.5258,(0.0018333333333333333+0j),
7,7,-0.0,-0.0,-5.5258,(0.0018333333333333333+0j),
2,2,-0.0,-0.0,-5.5258,(0.0018333333333333333+0j),
7,7,0.0,0.0,5.5258,(0.0018333333333333333+0j),
2,2,5.336393456258636,0.0,5.5258,(-0.0013333333333333333+0j),
7,7,-5.336393456258636,-0.0,-5.5258,(-0.0013333333333333333+0j),
2,2,-5.336393456258636,0.0,5.5258,(-0.0013333333333333333+0j),
7,7,5.336393456258636,-0.0,-5.5258,(-0.0013333333333333333+0j),
2,2,5.336393456258636,0.0,-5.5258,(-0.0013333333333333333+0j),
7,7,-5.336393456258636,-0.0,5.5258,(-0.0013333333333333333+0j),
2,2,-5.336393456258636,-0.0,-5.5258,(-0.0013333333333333333+0j),
7,7,5.336393456258636,0.0,5.5258,(-0.0013333333333333333+0j),
2,2,0.0,5.336393456258636,5.5258,(0.0033333333333333335+0j),
7,7,-0.0,-5.336393456258636,-5.5258,(0.0033333333333333335+0j),
2,2,0.0,-5.336393456258636,5.5258,(0.0033333333333333335+0j),
7,7,-0.0,5.336393456258636,-5.5258,(0.0033333333333333335+0j),
2,2,0.0,5.336393456258636,-5.5258,(0.0033333333333333335+0j),
7,7,-0.0,-5.336393456258636,5.5258,(0.0033333333333333335+0j),
2,2,-0.0,-5.336393456258636,-5.5258,(0.0033333333333333335+0j),
7,7,0.0,5.336393456258636,5.5258,(0.0033333333333333335+0j),
3,3,0.0,0.0,5.5258,(0.0018333333333333333+0j),
8,8,-0.0,-0.0,-5.5258,(0.0018333333333333333+0j),
3,3,-0.0,-0.0,-5.5258,(0.0018333333333333333+0j),
8,8,0.0,0.0,5.5258,(0.0018333333333333333+0j),
3,3,5.336393456258636,0.0,5.5258,(0.0033333333333333335+0j),
8,8,-5.336393456258636,-0.0,-5.5258,(0.0033333333333333335+0j),
3,3,-5.336393456258636,0.0,5.5258,(0.0033333333333333335+0j),
8,8,5.336393456258636,-0.0,-5.5258,(0.0033333333333333335+0j),
3,3,5.336393456258636,0.0,-5.5258,(0.0033333333333333335+0j),
8,8,-5.336393456258636,-0.0,5.5258,(0.0033333333333333335+0j),
3,3,-5.336393456258636,-0.0,-5.5258,(0.0033333333333333335+0j),
8,8,5.336393456258636,0.0,5.5258,(0.0033333333333333335+0j),
3,3,0.0,5.336393456258636,5.5258,(-0.0013333333333333333+0j),
8,8,-0.0,-5.336393456258636,-5.5258,(-0.0013333333333333333+0j),
3,3,0.0,-5.336393456258636,5.5258,(-0.0013333333333333333+0j),
8,8,-0.0,5.336393456258636,-5.5258,(-0.0013333333333333333+0j),
3,3,0.0,5.336393456258636,-5.5258,(-0.0013333333333333333+0j),
8,8,-0.0,-5.336393456258636,5.5258,(-0.0013333333333333333+0j),
3,3,-0.0,-5.336393456258636,-5.5258,(-0.0013333333333333333+0j),
8,8,0.0,5.336393456258636,5.5258,(-0.0013333333333333333+0j),
0,5,2.668196728129318,0.0,5.5258,(0.00275+0j),
0,5,-2.668196728129318,0.0,5.5258,(0.00275+0j),
0,5,2.668196728129318,0.0,-5.5258,(0.00275+0j),
0,5,-2.668196728129318,-0.0,-5.5258,(0.00275+0j),
0,5,0.0,2.668196728129318,5.5258,(0.00275+0j),
0,5,0.0,-2.668196728129318,5.5258,(0.00275+0j),
0,5,0.0,2.668196728129318,-5.5258,(0.00275+0j),
0,5,-0.0,-2.668196728129318,-5.5258,(0.00275+0j),
0,5,2.668196728129318,5.336393456258636,5.5258,(-0.0028333333333333335+0j),
0,5,-2.668196728129318,-5.336393456258636,5.5258,(-0.0028333333333333335+0j),
0,5,5.336393456258636,2.668196728129318,5.5258,(-0.0028333333333333335+0j),
0,5,-5.336393456258636,-2.668196728129318,5.5258,(-0.0028333333333333335+0j),
0,5,-2.668196728129318,5.336393456258636,-5.5258,(-0.0028333333333333335+0j),
0,5,2.668196728129318,-5.336393456258636,-5.5258,(-0.0028333333333333335+0j),
0,5,-5.336393456258636,2.668196728129318,-5.5258,(-0.0028333333333333335+0j),
0,5,5.336393456258636,-2.668196728129318,-5.5258,(-0.0028333333333333335+0j),
0,7,-2.668196728129318,0.0,5.5258,(0.0014999999999999998+0j),
2,5,-2.668196728129318,0.0,5.5258,(0.0014999999999999998+0j),
0,7,2.668196728129318,0.0,5.5258,(-0.0014999999999999998+0j),
2,5,2.668196728129318,0.0,5.5258,(-0.0014999999999999998+0j),
0,7,-2.668196728129318,-0.0,-5.5258,(0.0014999999999999998+0j),
2,5,-2.668196728129318,-0.0,-5.5258,(0.0014999999999999998+0j),
0,7,2.668196728129318,0.0,-5.5258,(-0.0014999999999999998+0j),
2,5,2.668196728129318,0.0,-5.5258,(-0.0014999999999999998+0j),
0,7,0.0,-2.668196728129318,5.5258,(0.0033333333333333335+0j),
2,5,0.0,-2.668196728129318,5.5258,(0.0033333333333333335+0j),
0,7,0.0,2.668196728129318,5.5258,(-0.0033333333333333335+0j),
2,5,0.0,2.668196728129318,5.5258,(-0.0033333333333333335+0j),
0,7,-0.0,-2.668196728129318,-5.5258,(-0.0033333333333333335+0j),
2,5,-0.0,-2.668196728129318,-5.5258,(-0.0033333333333333335+0j),
0,7,0.0,2.668196728129318,-5.5258,(0.0033333333333333335+0j),
2,5,0.0,2.668196728129318,-5.5258,(0.0033333333333333335+0j),
0,7,-2.668196728129318,-5.336393456258636,5.5258,(-0.0005166666666666667+0j),
2,5,-2.668196728129318,-5.336393456258636,5.5258,(-0.0005166666666666667+0j),
0,7,2.668196728129318,5.336393456258636,5.5258,(0.0005166666666666667+0j),
2,5,2.668196728129318,5.336393456258636,5.5258,(0.0005166666666666667+0j),
0,7,2.668196728129318,-5.336393456258636,-5.5258,(0.0005166666666666667+0j),
2,5,2.668196728129318,-5.336393456258636,-5.5258,(0.0005166666666666667+0j),
0,7,-2.668196728129318,5.336393456258636,-5.5258,(-0.0005166666666666667+0j),
2,5,-2.668196728129318,5.336393456258636,-5.5258,(-0.0005166666666666667+0j),
0,8,0.0,-2.668196728129318,5.5258,(-0.0014999999999999998+0j),
3,5,0.0,-2.668196728129318,5.5258,(-0.0014999999999999998+0j),
0,8,0.0,2.668196728129318,5.5258,(0.0014999999999999998+0j),
3,5,0.0,2.668196728129318,5.5258,(0.0014999999999999998+0j),
0,8,-0.0,-2.668196728129318,-5.5258,(-0.0014999999999999998+0j),
3,5,-0.0,-2.668196728129318,-5.5258,(-0.0014999999999999998+0j),
0,8,0.0,2.668196728129318,-5.5258,(0.0014999999999999998+0j),
3,5,0.0,2.668196728129318,-5.5258,(0.0014999999999999998+0j),
0,8,-2.668196728129318,0.0,5.5258,(-0.0033333333333333335+0j),
3,5,-2.668196728129318,0.0,5.5258,(-0.0033333333333333335+0j),
0,8,2.668196728129318,0.0,5.5258,(0.0033333333333333335+0j),
3,5,2.668196728129318,0.0,5.5258,(0.0033333333333333335+0j),
0,8,-2.668196728129318,-0.0,-5.5258,(0.0033333333333333335+0j),
3,5,-2.668196728129318,-0.0,-5.5258,(0.0033333333333333335+0j),
0,8,2.668196728129318,0.0,-5.5258,(-0.0033333333333333335+0j),
3,5,2.668196728129318,0.0,-5.5258,(-0.0033333333333333335+0j),
0,8,-5.336393456258636,-2.668196728129318,5.5258,(0.0005166666666666667+0j),
3,5,-5.336393456258636,-2.668196728129318,5.5258,(0.0005166666666666667+0j),
0,8,5.336393456258636,2.668196728129318,5.5258,(-0.0005166666666666667+0j),
3,5,5.336393456258636,2.668196728129318,5.5258,(-0.0005166666666666667+0j),
0,8,5.336393456258636,-2.668196728129318,-5.5258,(0.0005166666666666667+0j),
3,5,5.336393456258636,-2.668196728129318,-5.5258,(0.0005166666666666667+0j),
0,8,-5.336393456258636,2.668196728129318,-5.5258,(-0.0005166666666666667+0j),
3,5,-5.336393456258636,2.668196728129318,-5.5258,(-0.0005166666666666667+0j),
2,7,2.668196728129318,0.0,5.5258,(-0.00353+0j),
2,7,-2.668196728129318,0.0,5.5258,(-0.00353+0j),
2,7,2.668196728129318,0.0,-5.5258,(-0.00353+0j),
2,7,-2.668196728129318,-0.0,-5.5258,(-0.00353+0j),
2,7,0.0,2.668196728129318,5.5258,(-0.0021366666666666665+0j),
2,7,0.0,-2.668196728129318,5.5258,(-0.0021366666666666665+0j),
2,7,0.0,2.668196728129318,-5.5258,(-0.0021366666666666665+0j),
2,7,-0.0,-2.668196728129318,-5.5258,(-0.0021366666666666665+0j),
2,7,5.336393456258636,2.668196728129318,5.5258,(0.0005+0j),
2,7,-5.336393456258636,-2.668196728129318,5.5258,(0.0005+0j),
2,7,-5.336393456258636,2.668196728129318,-5.5258,(0.0005+0j),
2,7,5.336393456258636,-2.668196728129318,-5.5258,(0.0005+0j),
2,7,2.668196728129318,5.336393456258636,5.5258,(-0.001+0j),
2,7,-2.668196728129318,-5.336393456258636,5.5258,(-0.001+0j),
2,7,-2.668196728129318,5.336393456258636,-5.5258,(-0.001+0j),
2,7,2.668196728129318,-5.336393456258636,-5.5258,(-0.001+0j),
2,8,2.668196728129318,0.0,5.5258,(0.0025+0j),
3,7,2.668196728129318,0.0,5.5258,(0.0025+0j),
2,8,-2.668196728129318,0.0,5.5258,(0.0025+0j),
3,7,-2.668196728129318,0.0,5.5258,(0.0025+0j),
2,8,2.668196728129318,0.0,-5.5258,(-0.0025+0j),
3,7,2.668196728129318,0.0,-5.5258,(-0.0025+0j),
2,8,-2.668196728129318,-0.0,-5.5258,(-0.0025+0j),
3,7,-2.668196728129318,-0.0,-5.5258,(-0.0025+0j),
2,8,0.0,2.668196728129318,5.5258,(0.0025+0j),
3,7,0.0,2.668196728129318,5.5258,(0.0025+0j),
2,8,0.0,-2.668196728129318,5.5258,(0.0025+0j),
3,7,0.0,-2.668196728129318,5.5258,(0.0025+0j),
2,8,0.0,2.668196728129318,-5.5258,(-0.0025+0j),
3,7,0.0,2.668196728129318,-5.5258,(-0.0025+0j),
2,8,-0.0,-2.668196728129318,-5.5258,(-0.0025+0j),
3,7,-0.0,-2.668196728129318,-5.5258,(-0.0025+0j),
3,8,2.668196728129318,0.0,5.5258,(-0.0021366666666666665+0j),
3,8,-2.668196728129318,0.0,5.5258,(-0.0021366666666666665+0j),
3,8,2.668196728129318,0.0,-5.5258,(-0.0021366666666666665+0j),
3,8,-2.668196728129318,-0.0,-5.5258,(-0.0021366666666666665+0j),
3,8,0.0,2.668196728129318,5.5258,(-0.00353+0j),
3,8,0.0,-2.668196728129318,5.5258,(-0.00353+0j),
3,8,0.0,2.668196728129318,-5.5258,(-0.00353+0j),
3,8,-0.0,-2.668196728129318,-5.5258,(-0.00353+0j),
3,8,5.336393456258636,2.668196728129318,5.5258,(-0.001+0j),
3,8,-5.336393456258636,-2.668196728129318,5.5258,(-0.001+0j),
3,8,-5.336393456258636,2.668196728129318,-5.5258,(-0.001+0j),
3,8,5.336393456258636,-2.668196728129318,-5.5258,(-0.001+0j),
3,8,2.668196728129318,5.336393456258636,5.5258,(0.0005+0j),
3,8,-2.668196728129318,-5.336393456258636,5.5258,(0.0005+0j),
3,8,-2.668196728129318,5.336393456258636,-5.5258,(0.0005+0j),
3,8,2.668196728129318,-5.336393456258636,-5.5258,(0.0005+0j),
